Given 20 Array -  [1017 1803 5793 4378 1482 2342 5718 2370 1504 1294 3510 4782 2379  547
  664 2054 2256 1579 4347 3965]
startmilliseconds20 1646519263519
Sorted 20 Array -  [ 547  664 1017 1294 1482 1504 1579 1803 2054 2256 2342 2370 2379 3510
 3965 4347 4378 4782 5718 5793]
endmilliseconds20 1646519263519
Total time to sort 20 elements 0
--------------------------------------------------------------------------------------------
Given 100 Array -  [4604 5968 2716 2327 2065 4896 3670 3201 2858 4102 2481 3734 2377 2214
 2325 1765 4909 5920 5480  728 1253  819 4982 1786 2097 2069 1362 5753
  734 3338 5095 4069  826 4071 3180  268  253 1880 3273   17 3753 2653
 5023 1257 2887 5404  308  756 4085 3200   82 3094 5824 3066 5551 4085
 5817  810 2875 1208 3255 2217 3737   69 5636 5554 4772 3453 1643 1021
 1111 3819 3305 1313 4549 4243  423   45 2116 2956 4771 4463 2960 4884
 2641  975 5853 3533 4962 2000 1499 1808 3713 1114  608 2675 2911  545
 2818 4448]
startmilliseconds100 1646519263519
Sorted 100 Array -  [  17   45   69   82  253  268  308  423  545  608  728  734  756  810
  819  826  975 1021 1111 1114 1208 1253 1257 1313 1362 1499 1643 1765
 1786 1808 1880 2000 2065 2069 2097 2116 2214 2217 2325 2327 2377 2481
 2641 2653 2675 2716 2818 2858 2875 2887 2911 2956 2960 3066 3094 3180
 3200 3201 3255 3273 3305 3338 3453 3533 3670 3713 3734 3737 3753 3819
 4069 4071 4085 4085 4102 4243 4448 4463 4549 4604 4771 4772 4884 4896
 4909 4962 4982 5023 5095 5404 5480 5551 5554 5636 5753 5817 5824 5853
 5920 5968]
endmilliseconds100 1646519263526
Total time to sort 100 elements 7
--------------------------------------------------------------------------------------------
Given 1000 Array -  [ 236 3177 5390 1423 5488 3123 2599 3746 1663 5375  214 1220 3467  669
 3185 3697  675 1556 2685 3287 2753 4510 4674 5129 1921 4477 4525 4059
 4512  102 2676 5408 5064 5322  300 2511 2644 5482 2798 5829  151 1286
 1061 4030 3140  528 5614 5641 4881 5410 1785 3574 5089 1021 1202 1035
  603 3242  557  441 5511  133  433 4724 5779 1248 5903 4375 5368 1698
 3779 4873 4898 2975 1455 1319 2444  583 4064 4190 2691 4103 4667 2307
 3556 5807 2443  716  713 3736 4855 4275 3874 4254 2498  182 3646 5448
 4474 2216 2105 1953 4140 1276 3271  640  505 2486 4817 5247 2376 1056
  464 2425 4302 5712 5971 5527  134 5803 5799 5516 1748  185 3403  295
 2910 3721 4196 3870 3641 5254 2077 3873 1096 3492 2294 5326 2614 4356
 1461 1089 4062 3107 5867 1908 4077  810 2853 5923 5244 5212 1473 1849
 2407 1512 3446 2141 3967 2155 3296 4859 3459 4756 3974  195 3330 5824
 2229 4101 4904 2518 2284 1380 4066 4427 4716 5201 2532 5228 2160 4218
 5497 5385 4022 4788 4880 4826  469 4411 5229 1114 1524 3617 4151 2758
 1760 3530 1473 4259 5284 5824 4935  221 2704 4912 5865 3368 5085 3787
 1610 2470 5613 1237 1815 4013 3401 5381 1189 3600  304 2880 3992 3453
 1145 4619 1272 1939 4243 2187 5828  836 5974 4446 4229 3942 1342 2986
 2524 1617  572 3022 5824 2139  898  337 2806 5320  850 2848 1949 5083
 1281 4776 4000 3252 3410 4329 1153 1462 3226 5742 5892 4636 4857  759
 2934 4436 5220 2279 1952  936   17  339 5862 5472  689 1323  151 1084
 4328 4910 2351   67 1932 1795 4808 4518 1825 5123 2492 5386 2767 2372
 5716 1394 5949   22 3454 1434 3371 2310 2296 5362 2038 5976  704 1313
  554 3624 1397  134 3549 3418 1123 1595 2736 1992 5081 2435 5676 1343
 4106 4926  365   86  207 3741 3662 4606 3782 4999 1562 2870 2945 4365
 3255 3582 2082  998   84 2749 2381 5356 4225 4277 4909 5917 4316 1127
 2651  397 3464 5238  457 5941 5336 1740 4111 5708 4247 4721 5917 4955
 3267 1585 4671 1821 1273 5118 3233 1038 2467  222 3853 2627 3597 3959
 5030 4874 4065 4923 5377 1787 2303 4324 1110  604 1644 5438 4044 3022
 3287 2236   99  971 2121   51 3400 3918 5849  450 1361 4396 4735 1181
 2192 5647 5938 3928 3526 2553 1111 4018 4525 3861 5674 3149  420 5085
 1978  219 3301 1253 4815 5281 5015 5919 2165 5927 4082 5647 2920  497
 5257  489 2638 2368 2979 5650 3016 1183 3191 3785 2759 4497 4079 4365
 5019  528 1300 4397 4179 2559 2824 2659  827 5689 2476 2968 3519 2685
 4996 2913 1123 2138 5646 2237 4259  583 3948 5995 5430 4573 2348 2633
 5944 2912 2067 1226  865 4597 3620 1773 5860 5937 4405 3977 1621 2018
 3047 5786 2033 1623 1507 1340 4421 1843 1564 1469  928 5673 5396 4489
 1260 2134 3687 4843 5614 1739 1780  608 2398  383 2959 2633 5295 2168
 3409 1699 4260   60 2688 5506 4374 5400 3236 1483 2178 5154 3896 1182
 4284  772  626 1752 3384 3524 1019 3150 1300 4143 4093  647 5121 2225
 4666  677   43    3 1541 5228  929 3560 5867 1141 4155 4784 5711  383
 4864 3407 3453  359 2701 2324 3802 3982  840  105 5147 3527 1195 2719
 1672  798  962 1363 2815  697 2355 3941  535 1590 3936 3600 3532 1100
 4422 2050 5626 3829 2589 1245 4878 2435 1240 1009 3038 5882 4886 4695
 2420  187 1517 2338 3882 5606 5274 4645 4682 4139  874 2344 5254 2994
 2988 3014 3970 1032 5372  925  403 3879 4483 4023 1173 4187  161 2348
   74 4045   22 2714  807 4254 3282 4459 5404 4964  239 1763 5100 5882
 1338 2470 1789 3408 4517 5117 4156  284 4829 2849 5341 5379 5573 5871
  124 4197 1142 3671 3682 2805 1884 4424 5614 3735  608  134 1508 5498
 4252 2522 3402 2654 4583 3859 1017 5800 5222  566  667 1669 3919 5391
 2648 2744 4467 2118 3185 5969 4847 1716 5638 1201 3455 2983 5622  639
 4250 1988  674 2353 4676 2614 1515  147 1921 5124  793  806 5038 1795
 1437 5801 4496 4312  800  164 5863 3373 5440 3496  528 3283 5189 4661
  248 3952  594 5955 3793 4323 4770 4405 2950 4514 3937 5658  148  319
  573 3353 5790 4376  457 4586 2360 5820 3158 1017 4519   93 5097 1681
 5648 1178 2471 5964 1056 2268  126 5606  950 1509 2332 1485 4035 5043
 5612 5372 5595 4172 4770 5892 5315 1511  466  765 3295 1093  426 1322
 4493 4877 1075 1868 1813 3416 1993 3334 1997 2139 3429 1649  788 3801
 5294 2983 2807 5510  869 3789 4896 2384 5436  234 3133 4479 4284 2486
 2214 2159 2644 3850 3331 5062 3074  975 4854  681 2238 4304  265 5108
  705 3949 5636 1278  667 1461 1613  119  649 3580 4475  517 2016 5197
 1685 1632 1929 4237 4949 2994  660 2332 1419 2042 3104 2436 3568 5140
 3391 3919 3503 2545  174 3037 4470   26 5556 4937 5926 5783  168 3384
 4134   43 2455 3462 5190 1739 5069 2120 5878 4496 5156 5054 5309 2874
 5742 3846 3626 5535 2603 3802 3390 4484 4835 3977 1128 1499 1279 2957
 4500  707 3633 1611 4484 2556  305 3223 3811  406 2792 5255 4206 2605
 3300 5400 3239 1771 1696 3052 2130 1502 5114 3146 2818 4667 3324 4295
  138 4637 1261 3574  359 4218 3067 1140  592 3853 1819 1271 5541 3047
 5472 1646 2794 5759 3194 1920 2331 4445 4244 3380 4461 1833 3225  416
 3761 4735 2848 2570 4480 1145  341 3998 1430 5886 5785 1099 2367 1671
 5237 4485 5474 4677  844 4388 1896 1772 5687 3999 2274  248  642 4810
 3198 3783  668  101  583  988 5299 1474 3156 2505 3601   89  791 4887
 5772  765 5434 5454 2584 4799]
startmilliseconds 1646519263542
Sorted 1000 Array -  [   3   17   22   22   26   43   43   51   60   67   74   84   86   89
   93   99  101  102  105  119  124  126  133  134  134  134  138  147
  148  151  151  161  164  168  174  182  185  187  195  207  214  219
  221  222  234  236  239  248  248  265  284  295  300  304  305  319
  337  339  341  359  359  365  383  383  397  403  406  416  420  426
  433  441  450  457  457  464  466  469  489  497  505  517  528  528
  528  535  554  557  566  572  573  583  583  583  592  594  603  604
  608  608  626  639  640  642  647  649  660  667  667  668  669  674
  675  677  681  689  697  704  705  707  713  716  759  765  765  772
  788  791  793  798  800  806  807  810  827  836  840  844  850  865
  869  874  898  925  928  929  936  950  962  971  975  988  998 1009
 1017 1017 1019 1021 1032 1035 1038 1056 1056 1061 1075 1084 1089 1093
 1096 1099 1100 1110 1111 1114 1123 1123 1127 1128 1140 1141 1142 1145
 1145 1153 1173 1178 1181 1182 1183 1189 1195 1201 1202 1220 1226 1237
 1240 1245 1248 1253 1260 1261 1271 1272 1273 1276 1278 1279 1281 1286
 1300 1300 1313 1319 1322 1323 1338 1340 1342 1343 1361 1363 1380 1394
 1397 1419 1423 1430 1434 1437 1455 1461 1461 1462 1469 1473 1473 1474
 1483 1485 1499 1502 1507 1508 1509 1511 1512 1515 1517 1524 1541 1556
 1562 1564 1585 1590 1595 1610 1611 1613 1617 1621 1623 1632 1644 1646
 1649 1663 1669 1671 1672 1681 1685 1696 1698 1699 1716 1739 1739 1740
 1748 1752 1760 1763 1771 1772 1773 1780 1785 1787 1789 1795 1795 1813
 1815 1819 1821 1825 1833 1843 1849 1868 1884 1896 1908 1920 1921 1921
 1929 1932 1939 1949 1952 1953 1978 1988 1992 1993 1997 2016 2018 2033
 2038 2042 2050 2067 2077 2082 2105 2118 2120 2121 2130 2134 2138 2139
 2139 2141 2155 2159 2160 2165 2168 2178 2187 2192 2214 2216 2225 2229
 2236 2237 2238 2268 2274 2279 2284 2294 2296 2303 2307 2310 2324 2331
 2332 2332 2338 2344 2348 2348 2351 2353 2355 2360 2367 2368 2372 2376
 2381 2384 2398 2407 2420 2425 2435 2435 2436 2443 2444 2455 2467 2470
 2470 2471 2476 2486 2486 2492 2498 2505 2511 2518 2522 2524 2532 2545
 2553 2556 2559 2570 2584 2589 2599 2603 2605 2614 2614 2627 2633 2633
 2638 2644 2644 2648 2651 2654 2659 2676 2685 2685 2688 2691 2701 2704
 2714 2719 2736 2744 2749 2753 2758 2759 2767 2792 2794 2798 2805 2806
 2807 2815 2818 2824 2848 2848 2849 2853 2870 2874 2880 2910 2912 2913
 2920 2934 2945 2950 2957 2959 2968 2975 2979 2983 2983 2986 2988 2994
 2994 3014 3016 3022 3022 3037 3038 3047 3047 3052 3067 3074 3104 3107
 3123 3133 3140 3146 3149 3150 3156 3158 3177 3185 3185 3191 3194 3198
 3223 3225 3226 3233 3236 3239 3242 3252 3255 3267 3271 3282 3283 3287
 3287 3295 3296 3300 3301 3324 3330 3331 3334 3353 3368 3371 3373 3380
 3384 3384 3390 3391 3400 3401 3402 3403 3407 3408 3409 3410 3416 3418
 3429 3446 3453 3453 3454 3455 3459 3462 3464 3467 3492 3496 3503 3519
 3524 3526 3527 3530 3532 3549 3556 3560 3568 3574 3574 3580 3582 3597
 3600 3600 3601 3617 3620 3624 3626 3633 3641 3646 3662 3671 3682 3687
 3697 3721 3735 3736 3741 3746 3761 3779 3782 3783 3785 3787 3789 3793
 3801 3802 3802 3811 3829 3846 3850 3853 3853 3859 3861 3870 3873 3874
 3879 3882 3896 3918 3919 3919 3928 3936 3937 3941 3942 3948 3949 3952
 3959 3967 3970 3974 3977 3977 3982 3992 3998 3999 4000 4013 4018 4022
 4023 4030 4035 4044 4045 4059 4062 4064 4065 4066 4077 4079 4082 4093
 4101 4103 4106 4111 4134 4139 4140 4143 4151 4155 4156 4172 4179 4187
 4190 4196 4197 4206 4218 4218 4225 4229 4237 4243 4244 4247 4250 4252
 4254 4254 4259 4259 4260 4275 4277 4284 4284 4295 4302 4304 4312 4316
 4323 4324 4328 4329 4356 4365 4365 4374 4375 4376 4388 4396 4397 4405
 4405 4411 4421 4422 4424 4427 4436 4445 4446 4459 4461 4467 4470 4474
 4475 4477 4479 4480 4483 4484 4484 4485 4489 4493 4496 4496 4497 4500
 4510 4512 4514 4517 4518 4519 4525 4525 4573 4583 4586 4597 4606 4619
 4636 4637 4645 4661 4666 4667 4667 4671 4674 4676 4677 4682 4695 4716
 4721 4724 4735 4735 4756 4770 4770 4776 4784 4788 4799 4808 4810 4815
 4817 4826 4829 4835 4843 4847 4854 4855 4857 4859 4864 4873 4874 4877
 4878 4880 4881 4886 4887 4896 4898 4904 4909 4910 4912 4923 4926 4935
 4937 4949 4955 4964 4996 4999 5015 5019 5030 5038 5043 5054 5062 5064
 5069 5081 5083 5085 5085 5089 5097 5100 5108 5114 5117 5118 5121 5123
 5124 5129 5140 5147 5154 5156 5189 5190 5197 5201 5212 5220 5222 5228
 5228 5229 5237 5238 5244 5247 5254 5254 5255 5257 5274 5281 5284 5294
 5295 5299 5309 5315 5320 5322 5326 5336 5341 5356 5362 5368 5372 5372
 5375 5377 5379 5381 5385 5386 5390 5391 5396 5400 5400 5404 5408 5410
 5430 5434 5436 5438 5440 5448 5454 5472 5472 5474 5482 5488 5497 5498
 5506 5510 5511 5516 5527 5535 5541 5556 5573 5595 5606 5606 5612 5613
 5614 5614 5614 5622 5626 5636 5638 5641 5646 5647 5647 5648 5650 5658
 5673 5674 5676 5687 5689 5708 5711 5712 5716 5742 5742 5759 5772 5779
 5783 5785 5786 5790 5799 5800 5801 5803 5807 5820 5824 5824 5824 5828
 5829 5849 5860 5862 5863 5865 5867 5867 5871 5878 5882 5882 5886 5892
 5892 5903 5917 5917 5919 5923 5926 5927 5937 5938 5941 5944 5949 5955
 5964 5969 5971 5974 5976 5995]
endmilliseconds1000 1646519263673
Total time to sort 1000 elements 131
--------------------------------------------------------------------------------------------
Given 4000 Array -  [ 485 3703 3016 3566 3367 2419  258 3881 2763 2596 2503 1239 4160 2430
 4973 3667 2891 1604 5183 4743 3093 1708 1668 1837 5851 1625  595 4419
 4000 2692  360 2474 3220 1928 2260  843  184 4952  611 3139 4645 5556
 4212 4367 5419  710 3625 3871 5738 3299 1428 4861 2749  170 2232 2593
 3360 4838 3412 2480 3111 4321 2869 5665 2453 1269  562 3272 2343  106
 4398 4876 5087 3144 3913 1945 4961 2019 5435 4555  693  487  166   70
 1402 1811 3998 1090   27 3157 2483 5658 5483 2154 5127 1771  769 5800
 4304 5079 3205 4414 2165 3199 5242 5047 5720 4474  945 1843  259 3198
  777 2485 3021 1000 4816  679 2967 2959 5087 4463 4825 5238  248 5342
  460 2629 2706 1411 3995 2384   84 3285 5284 1612 4916 1695 1111 1336
 4036 5250 4923 2420  496 2884  715 2621 1456 2830 1473  176 3592 4906
 5554 2578 2956 1668 3942 4043 4030 1621 3471 5136 4819 3241 3998 2775
 2439 2920 3757 2353 5290  612 5712 3053 5995 4086 1523 1603 1460 1334
 2063 4556 3089 3170  727  787 2712 3782  389 2909 4478  904 1359 3316
 5812 5483 4150 5392  799 5897 3332 1985  934 4935 5336 4263 1980  562
 5380 4909  565 2462 4684 4553 3281 4978 3059  716 3169 3765  409  767
 5885 2441 5911 5775 2599 2139 1130 5042 4948 1107 5541 1168 1655  744
 5310 1290 5803 2854 1961 2642 5587 1442  229 3106 5837 2742  601 4963
    7 4681 5228  511 2855 2633 4202 3575  953 5271 1577 1997  354 3882
 4204  852 3435 2254 1990 3365 5933  374 1750 1972 4815 2630 2671 3503
 1178  700 1291 1944 1394 1268 5476 5681 3395 5033 3786 1948 5431 3131
 2217  321  482  143 5657 4483 2442 3499 3247 4393 3470  883 4027 5626
 4586 2593 4922 1377 3259 2073 2939 2358 2778 4973  180 2387 2076 5862
  493 3722 5232 5095 3636 3695 4480 2541 5181 2774  473 1195  436 4180
 2494 1373 4407 5241 2533 2734 5900 4034 2685 3756  943 3075 1051 1563
 2729  376 3448 4564 2030 2967  769 3427 3734 3853 4939 1267  299 1905
 4957  427 5572  737 5998 1525 4189 3407 1338 3934 5298 3717 4348 4090
 5565  825 5384 5133 5019 3248 3705 4153 3931 2649 5756  379 2938   55
 1076 4488 4239  354 5618 5439 3692 5584  928 2261  364 3699 4127 5746
 5110 2925  472 4144 4412   33 2166 1595 3051 2731 4164 5912 1863 4695
 3124 3546 3347 3410 2310 1354 4833 2452  794 2019 3650 3321 2154 4858
 3047 4100 5031 2858 5401 4033 3669 4709 4489 1342  449  186  626 5603
 4214  676 4880 3159  296   33 5857 5217 4472 2025 1092 3226 2632 2300
 5984 4047 3286 3758 1822 3865 4055  312 4955 5873   95 4974 5610 3492
  744  192 5282 5686  213 1349  681 2517   89 2809  330 2983 5643 4805
 3642 5829 5921 3620 1248  101 5470 3104 1027 3359 4936 2308 1224 4673
 5924 1709 3849  463 5129 3402 3681 3728 1519 3100 5112  991 1912 3203
 4939 2878 1387 1324 3293  891 5329 4669 3200 2212 5091 3343  126 4494
  206 1149 1943 4409 5133 1123 2143  241 3850  157 3601 4606  647 1438
  848  446  489 2085 4529 5442 2730 4392 3996 3562 3627  894  202 3208
 3119 5358 5790 1635 3773 5995  229 4261 3197 3374  329 3827 1405 1368
  853 5592 1633 5795 4690 3674 3159 5011 2831 2575  954 5931 2486 4334
 4300 3387 3571 4620 1176 2730 4967 3144 1813  266 2085 4664 3185 4949
 3871 1584 2603 1985 1155  342 2264 4429 3431 4202 1885 1535 4856  113
 4439 2462 5489 1667 1978 5275 2243 1169 4977 2520 3817 3758 2584 3160
 5055 4913  409 2243  911  369 4190 4774 5954 1182 2202 4070 5710  229
 4839 3400 2258  675  422  619 5757 3833  903 1464 2988 3540  469 5459
 5812 3970 4457  736 2531 3562  644 4186  804  714 2401 1623 4548 3675
 2742 2480  960 4747  289  321 2347 5336 1016 2446 4996 5101 4101 4701
 1217 2694 1965 2385  932 5408 5613 3422 5245 2678 2847 1068 2866 4929
 4940 1698 3282 4165 1272 4500 5469 4746 2154 5444  230 3041 1228 3372
  206 1521 3881 4472 4710 3361 2722 2309 1707 1134 5271 4979 5774 5709
 4081 4057 5857  900 4695 2895 2060 4164 2465 3488 3042 2352 3050  157
 2902  574 5519 3341 1892 4395 2461  516 5355 4607 5449 5663 5974 2435
 4710 4257 1569 2715 2889 3025  801 2656 4971 2373 4230  584  531 3408
 2516 1165 4407 2162 5002 4102 5504 5308 3279 3435 2062 3874 1370 2349
 2895 1150 5131  480 3127 3639 2735 5162 4302 5024 5170 4025 3185 1096
 3937 3273 1438 3566 1405 2074 4454 4357 1637 5497 5627 4048 3055  503
 5400 2281 4291 2736 4735 4272 4638 1745 5148 2124   51 2879  683 3715
 4077  543 4705  565  691  592 1435 2036 1987 2112 2625 4368 4682 5646
 2237 3226 4013  994 4296 3798  771 2450  420  870  141 5353 1927 4910
 5375  154 4413 2070 1160 2466  678 2724 1898 5017 3601 5356 3427 4543
 4648 1837 5753 2014  541  748 1530 5243 1262 5696 2462  804 1036  278
 5776   58 3605 2670 2523 3018 5767 4564 1610 2991 3297 2807 1175 1110
 5655 4389 2939 1761 1528 3806 4321  269 5234 1119 1859 1850 2954  775
 3425  171  769 1893 2595  151 1787 5983 1413   58 2680 3701 1610  696
 5822   58 5045  882 2220 1793 5767  734 1812  424 4739 5791 5930   22
 5984 2543 4318  219 5066 5305 5098  348 4807 2010  499 5800 2591  161
 4072 3040 1625 1598  949 4795  761 4062 5644 2494 4645   79 4795 5549
 4019 1954 4581 5394  330   85 3395 3760 2327 4149   91 3547 5694 3569
 3928 4295 4927 1332 4267 3379 3760 3232 5675 5132 3393 4062 1369 4123
 2305 1253 1856 5200 3145 1196 3137 5824 3148 3023  606 4648 3965 4243
 1199 3830 5652 3443 4448 5413  999 2837 2241 1149 5310 1060 4208 2843
  415 3211 1232  721 5421 5414   53  963 3490 1212 1025 4750 2498  460
 3537 3681 1255 5690 1104 5826  899 4725 5734 3603  289 1526 2876 3727
 4494  336 1228 4873  656 5562  160 5257 2413 3495 5353 2491 4300 5111
 5883  197 3184 1837 5304  137 4370 2924 2535 5494  149 2952 4208 5109
 3448 2085 4303 2476 4941 4181 4199  884 1209  253 4397 3990  154 3280
  827 5332 4723 1986 2886 3273 2676 3926 2637 5556 2831 1186 2249 2309
 2488 1833 4039 3464 1031 3329 2507 2965 3058 5018 5743 4280 2459 1614
 5836 1514 5567 4668 4220 3136 4055  681 3384 4219  611 3830 1013 5557
 4296 1979 3626 2392 3704 4023 1519 2243 2353 3781 4443 3496 3388 4381
 3507 3048 1148 5969 3318 4102 2395 5327  425 3793 2928  207 1969 2126
   93 1387 1341 4683 3912 5639 3529 1362 2584 1961  164  137 4827 4456
 2958 3967 3361  679 1367 5697  223  350 1300  425 4124 5968   21 5394
 2551 3217 3427 2345 2412 1173 5645 5747 4381  899 3196 5137 4764 2624
 3556 4214 2424 5431  223 3572 1970 3169  193 1034 3192 2301 1347 4236
 2048  783 3999  549 5910 2544  895  746 2010 5747  532  741  811 2527
 5798 1383  854  103 5050  760 2951 3176 1747 5522 5667 5714  770  285
 4920 2264  963  369 3231 1409 5653 2309 5884 3501 2957 5487 3721 2286
 2501 1508 3238 4311 5260 1172  616 2097 3309 3571 2266 5561 4344 4938
 4196 3966  282 3840 3665  429 2588 4174 3686 1523 3233 4707 2651 1933
 5352 1374  503 4090 5685 2496 2546 5167 1651 3203 4344 4822 1183  218
 4905 4489 3407 3109 3972 4049 1794 2707 3244 3088 5352 4668 5128 5857
 3237 2147  753 5984 2641 5491 5044 1352 5316 5070 1539 3964 4496 2570
  479 4950 2573 1303   17 2360 3382 3377  960 5962 2060 2666 5836 4086
 3268 2377   16   29 1254 3056  453  218  868 1400 2690 1757 4463  888
 2215 4891 2146 2051 2211 3016 1547  715 3622 4691 2074 1212 3191 3387
 5210  439 2070 1227 2257 4366 3536 3387 3661 4474 1446  864 4231  872
 3594 5170 1794  268 1348  253  522 3172 1882 2818 3624 2093 2769 2629
 1364 3152 2268  559  845  914 5120 1174 4741 4604  112 4297 1146 5317
  267 3538  537  995 2124 4509 3449 3296 2907 5927 4470 4665 2794 3780
  793 2177  136 3990 3720  383 5320 2807 4058 2420 4040 4351 3428 5618
 5094 2511 4246 2920 3341 2086 5206 3307 1628 4756 4219 2012 2679 1228
 1148 1681  824 2971  131 3679 3692 5205 4437  509 3122  820 5556  820
  187 4436 2926 1239 3202 5349 3133 3754 1090 5349 1554 4589  134  689
 3087 5012  889 5823 5635 5823 5265 5848 3417  471 4872 3535 4438 1607
 3865 4159  472 2161 1095 4393 4255 4272 4549  776 2729 1068 2578 4984
 3013  991 4355 3596 2231 3250  680  140 1558 4177 4066 3949 3472  892
 4914 3100  409 3579 1161 1367 4479 4356 4249 2381 4713 1974 3003 2207
 1641 2677 2781 4415 5473   98 1864 2289 3400 2514 5203  695 3710 2834
 5560 4393 2657  885 5208  745 4798 1036  192 1424 2535 4149 1789 4380
 5356 5673 1432 3332 3907 2915   81 3877  164 4154 4475 1106  636 4028
 3664 5943  615 4170 2771 5877 2524 3168  301  703  348 2571 1018 1660
 3701 4273 2657  687 1160 5964  906 2802 3799 5860  292 3145 2349 4821
   70 2841 2472 1382 4304 2138 2557  484 1247 4365 2122 2646  551 3406
 1505 1303 5220 1799 4101 4526 3938 1704 5406 4434 3091 1219 4956 2617
 1229  440 5407 3558 5227 2527 5674 5746 2615 2186 5038  340 2960 2581
  161  567 4939  182 4429 5196 1592 2193 1903 1218  214 2915 2635 1654
  142 2557 1584 2163 2424  309 4768 3618 2286   39 5501 4087 5376 4360
 4771 1769  208 2076 4181 1657 4819 5544 3699 1499  493  128 5208 4166
 2175 1390 4196  578 2400 4571 3277 1347 2744 5875 3468 1926 2188  304
 4725 5557 1181 5184 5043  678  939 4981 4184 1757 4860 5859 5966 3710
 5140 3808 2683 1543 5260 3481 1019 1619 4651  349 4243 1662 4763 3952
 2044 3676 2822 5880 3968  208  890 3281 2330 5210 5579 5116 3776  540
 4124 2790  887 4974  384 3263 3424 2384 5379 1667 2659 4189 1077 2201
 2574 3997  529 1385 5249 5837 3208 5425 4879 2614 4442 3709 2057 3770
  965  723 2853 4876 4921 1051  172 3684 4729 4825 5655 2839  631 1697
  410 5493 3293 5548  464  193  741 3580  658   46 2197 4873 2212 4801
 3264 3585 1361 3982 5776 2773 2391 1614 2090  371  986  991 5262 4415
 4728 5917 4854 3615 3783 4277 2125 4839  504 1065 5254  274 4785 1573
 5944 1230 2302 1806   30  884 4708 1207  258  561 2555 4174 1353 3973
 1730 4932 5748 3002 3105 1060  672 1538 2284 4451 1167 5464 4854  651
 5363 5373 2814 1754 2044 1188 1363 2682 5800 2864 3247 4009 2965 3638
 5161 5066 4545 5788 3778 2292 2242 4424 5860 3091 5131 2148 2973 4751
 5008 2753 3923 5437  245 4174 2417 2765 4447 1152 4249 1677  150 4516
 3533 3189 3161 5996 5710 5955 3079 1722 4681  612 4953 2136 1160 3079
 1186 3574 5459 1496 5507  575 3633 5066 1158 1145 4438 3102 4296 1453
 4731 4210  482 1619 1970  520 3881 1151 1150  950 1757 4112 4247 5313
 1287 4971   35 1163 1380 2553  421 2657 2314 5640 5190 5810 5621 3602
 1058 2369  891 2175 1188 3972 4072 1916 5527 4606 3520   60 4026 5202
 5592 4982 1352 3967 4462 1270 5282 3551 5363 1411 1716 5611 2025  153
   24 3303 3325 1530  201 3819 1671 5327 2796 3048 1718 3135 4851 5592
 1403  503 1792 1322 1725 1763 4851 3641 4479 2481 3748 3109  686 1358
 5275 3629 4565 2237  378  297 4551 1585 2767  581  591 3624 4639 1964
 4197 2355 2976 3223 3874 3539 5207  196 3442 5787 4551 5583 4557 4921
 2827 2856 1108 2839   94 2328  173 4579 4627 3568 4437 3879 5320 3522
 5717 5960 5391 4691  507 5945  585 5578 4236 1592 4586  505  346 4153
 5983   14 4035 2330 4675 2557 2396 2714 3536 4952 2259  936 4220 4558
 4540 5534 3736 3533 3979 4815 3566  175 1187  689 5787 3732 1816 1650
 4449 2493 5862 3648 1961 4172 1662 3584 2855  373 2800 2041 4141 1284
 2194 4604 4099 3107  853 5731 4644 3401 1873 4655 1745 1932 4822 5344
 3452 1128 5804  308   51 4499 1968 3988 2951 2151 3868 4406 3905 5844
 3514   95 4493 5620 5494 5402 1256 5109  293 4872 3785  673  739 4029
  391 2558 1325 5177 4811 1789 5866 1491 2896 1672 3889 5270  844 3581
 1222 4394  730 5593  494 1314 1567 2158 4959 2626 1249 5513 1884 5148
 1317  586  354 1580 4953 3519 1080 2472 1142 3598 2381 4928 3530 1539
   93 4269 1184 5356  705  120 1585 1250 3511 1486 5281 3064 1242 5720
 2577 1183 2637 3364 5667 2343 4382 3088 4042 1067  162  727  365 3203
  426 3525 3306 2797   25 1281 5243 4433 4056 2411 3806 5419 3150  212
 5514 5861 2319 2124 3086 4697 1257  287 4884 4778 3826 2362 2709 3945
 3976 4689 4593 5400  922 5113 5450  520 2044 4805  986 3816 5179 3562
 3401 3200 3816 1667 1570 1548  162 2177 5403 4157 5862 3844 5741  855
 3684 3002  112 3475 5917  459 2958 4306 2325 5549 5277 3501 4128 5184
 4578  800  390  998 3929 1089 1847 2515 4594  208 2209 2898 1006 4158
 1092  562 2048 2456 5149 2548 2506 3250 2321 2585 1672 5252 3656 4719
 2465 3699 1574 3609 4046 4806 4128  617 1083 1399 4296 1489 3154 2123
 1607 4440 2924 1748 5891  776 2015 5630 2862  773 4118 3067 3624 5934
  175 1077 4141 3478 5571 2734 2986 4914 4908 2683 1563 3081 3567 5496
  753 5351 1214 5383 2669 1442 5137 5261 4154 5297 3407 4557 3133 4089
  419 4628 3224  204 3374 4118 2886 5143  150  673 3296  572 5147 5809
 2512  507 4849 5661 2062 3803 2714 5900 1702 4484 5336 4075 2231 5962
 4517 4352 4385 5532 5666 1219 3686 3801 1576 5066 2417 4893 1813 5460
 1326 2829 3370 2958 2233 3744 1993 2660 2282 5521 2665  239  887 4679
 1761  878 4332  146 4524 1312 2260 4278 3175 3361 1509 2123 2745 4286
  927 2499  994 5973  510 4179 3835 5404 3141 4960 5887 5018 2225 1777
 5808 4267 1583 5609 5685 5931 5620  942 3961 3518 3811 4655 4303 1850
 3291 1825 5448 4444 4478 1175 2406 2295  541 4697 1998 1392  878 1655
 5249 2032 2118  190 4924  977 4639 3628 1235 5496 4694  974  195 5589
 4209 1560 1453 2648  564 2234 4093  302 2565 1137 4018 5678  607 5923
 1005 1820 5437 4914 3688 3145 5191 5491 5485 4709 1969 3004 3986 1320
  962  567 3375 5651 1384 2680 4989 3080 3175  328 5884 3879 1225 4488
 5046  378 5535 1955 1724 3045  747 1711 3103 2472 2365 3441 3316 1429
 2151 1591 4528  423 5669 2498 3546 2264 5825 1987 2098 3234 5142 5539
  524 2037 2064 2258 3984 4092  586 4258 1367 5533 2002 4739 1391  883
 1580 2761  989   57  893 1836 4334 3571 3496 3813 3821 4595 2452 4860
 1660 5127 1707 2282  511 4326  108 4556 5099  354 3396 1959 1320 3370
 1194 1138 5952 1170 4213 2701 4168 1464 3973 1239  259 5387 3624 2524
  691 5832 2742 4221 4741 2642 3445 5124 3226 5586 5184 2162 2467 3002
 3196 1359 5544 3175 2464 2609   65 2739 3405  351  532 1551 3504 5520
 2146 3061 3947 1393 3688 1417 4713 3570 5101  131  473 1672 3517 4838
 1489  845 5522 1496   83 1454 3743 2472 3409 3465  106 1403 4638 5780
 4208 4393 3464 1073 3295 3419 4014 5612 4361 5138  209 5738 4890  323
 4249  438 4694 2059 3811 2657 4882  894 4399 3686 2598 1186 3867 2699
 5280 4160 5622 4583 4386 1891 3811  933 5501 2781 4785 4016 2332   71
 3552 5665 2402 5100 5505 3313 1801 5755 2760  264  574 4659 2278  596
  285 5707 4948 1544 1553 3182 4592 5359 2201 1311 5235  446  714 4946
 2897  305 1939  223 3466 4248 3087 3710 3642 5662 1705 1041  291 3569
 2861 1813  780 5328 2199 5842  391 3146 1824 3740 2089 1998 3096 2298
  370 3244 4238 1770 5721 3990  246  282 4239 4407 2166 2318  515 3386
  982 2764 3456 4543 2256 5776 3565 1586 2496 5607 1361 5728 4208 5708
 4322 4959 3388 3423 1647 5643 5549 2781 2323 4463  605  908 5176 5875
  828 4015 3535 1641 1172 5671 5490 2544 3496 3234  145 3665  101 1698
 5928 2011 3522 4263 5964 5636 3972 4326 2452   94 1752   76 3912 3791
 5927  842 4940 5908  340 5798 5010 1686 4509 3908  620 4210 5339 2783
 1959 5807 2258 2600 2500 5006 4897  884 3599 2548 5865 1715 2173 2101
 1545 3200 1185 3613 3758 4329  790  222 5163  700  671 4973 1472 4535
 3094 5691  872 4242 3772 5834 3599 3347  559 5837 4535 1872 1827 5730
 5024 5233 3045 5390 4515   66 4939 3921 1492 2300 3014 3836 2900 1666
 2394 1258 2455 5980 2023 5498 3821  476 3795 4507 2947  172 3061 1666
 5890 3552  969 4574 2832  804 1740 3052 2954 1333   24 2027 4770 3775
 5186 4834 2242 2875 2470  885 3977 1189 4586 4000 4403 5790 4102 3580
 3507 3895 1556 5201 2281 2215 1270 5816 5996 5187 5870 2866 2302 1025
 3387 3665 4268 1797 3645 5738  734 5733 1209 5041   37 5785 4225  364
  155 4268 4844 5881 5322  146 5253 4032 4446  405 1574 4873  393 3128
 5630  929  141 4670 3792 4429 2943 5075 4858 2785 2585 4287  570 1453
 3685 2538  958 3327 5916 4029 1684 4769 5879 2047 4112 2284 3451   78
 1800 4509  658  319  291 4432 4169 5408 3764 1362 5399 4243 5570 1411
  385 1427 3316  829 2700 2827 2255 5716  823 3123 1310  817 2022  129
 5062 5380 5084 5073 3605 4610 2551 1400 4469 1255 4151 3906 5165  791
 1490 4206 5407  212 1526 3233 3030 5030 4909 1052 2324 2385 1689  502
  522 5532 5650 3886 4248  460 5944 1315 3177 2156 3069 4166 2446 4524
 2787 5144 5980  760 5084 4118 1445  526 2126 2434 2359 5279  882  331
 2814 5647 5851 2994 2339 1347 4282 5535  895  980  805 2401 5087 5567
 3266 5285 5100 4622 2638  295 2573  682 5045 3193 1889 2130 3869 2837
 1290 2702   65 1393 2549  462 5556 4985 5237 4708  355 1957 2240 5777
 3739 1942 1740   88 1194  848 4703 3708 2700 1959 3212 3579 3615 4535
 1424  254 5804  823 5269  535 3507 1705 4010 3579  434 3345  488 1506
 1453 4474 3945 4386 5222 5409 3952 2011  964  543 1350 2228 2251  165
 1558 1995 2151  474 1665 4739 1784  622 2711 3383 3788 2879 5756  355
 3263 2224 3680 2310 3403 5255  756   46 2896 2986 4067 4272 5348 5387
 2359  871 1886 2484 4617 2069   30 1127   15 3574  567 2269 3966  947
 3826 5171 5582 2195 3096 5173 1288 2191   93 4952 4444 1340 1151 1117
 1077 4804 5016  268 5697  478 3146 2958 5391  385 5762 3217 4260 4785
  550  248 2646 1959 3689 5633 4893 3052 3580 3795 3842 3624 5202 4307
 3878 5310  562 5669  565  970 4975 3553 3254  782 1670 1528 4199 1108
  199 4786 4723 2570 4542 3246 3577 4878  172 2586  112 1817   10  950
 1410 1944 3948 3639 5720 4849 3160 2080  320 5852 1237 3890 4001 2959
 2197 1048 2823 1994 2761 2998 3274 2988  647 5222 3488 4891 5412 1650
 3128 3467 4256 5012  225 4757 4168  436 5961 3376  782 3739 2091 2855
 5691 3771 5041  906  957 1810 2277 4476  584 2020 4868 3044 2611 5450
 4178  933   67 4804 5671 1642 3614 2962 4116  638 2768 5050 4845 1928
 2340 3981 4658 5089 3406 4043 1230 3870 1225 5843 3689 4629 4184 1920
 5508 2481 5163  357 4847 4730 4818 5075  719  492 2933 1652 1308  870
 3993 1678 1748  740 1409  901  568 2009  912 5484 5625 3824 3337 5205
 2240 2954 4931 3814 1864 5040 5115 2463 4087 1156 5500 4636 2301 3616
 1055 3941 1067 3651 3718 4017 1989 2804 2310 4332 1219 2324 3874  165
 3644 1304 1328 5416 5666 3999 5922 4767 2606 5743 5899 4772  272 1091
 3797 4199 3043 1083 1743  361 3877 4571 2067  310 2988 4533 2990  794
 4805 4434 5583  223  752 2272 2010 2190 3012  793 3662 1774 5580 2284
 5594 3806 3883  812 1677 4327 3107 2398 1422 3056 2979 3012 5599 2651
 1931 1330 2094 4522 4012 1791 2895 5127 5535 5794 2386 4802 3906 4051
 4675 4773  666 3521 3235 3203 3733  409  820 2348 4712  948 2302 4722
 2051 5214 2054 3592 5468 2576 4774   25 5990  531  542 1022 3491 1990
 1656 2321 1342 1761 5429 4427 4190 2813 2149 2937 3293 1351 3373 4587
 3882 5726 1675 3876 3348 3553 1149 5496  821 4032 4703   94  951 3534
 4532 1939 3270 1745 4800 5831 3372  664 2544 3094 2533  998 3482 5276
 1215 3739 1214 1851 2776 3609 3589 2137 4384 2089 5661 5553 5685 5810
 1859 3131 3395 1210 2860 1961 1956 4432  595 4114 2207 4845  849 1020
 3107 2414 5703 5795 3984 5414 4499 4773 5438 4465 4418 3820 4299 2905
 1527 2576 4612 2770 3220 2868  134 3178 4325 3558 3741 2439   49 2023
 4548 3624 2295  719 4733 1477 1704 4902 3071 4396 2107 5937 1263  984
 3760 2329 4749 4396  889 2558 3221 4763 2580 4831 1291  149 3327 4524
 1283 5215  833 2753  425 4534 4522 5505 2602 4614  834 2811 2999 2027
 4537  811 3936 5859 2825 1024 2146 4642 5632 1254 4574 5972 3636 5081
  121 5685 5682 4446 1901 5861  889 2075 1224 5666 5572 5629 2665 2778
 2663 5476 2078 3964 3446 3397 3442 2011 2290 2456 2270  717 5447 2870
 4464 5065 4809 5363   79  493 5600 4863 2992  663 3094 3845 4636 3307
 4368  123 4451 5130 1892 5443  520 1920 4998 1685 2816 4739 2302 3161
 5850 5555 3749 1299 5455 2361 4277 5673 2639 3423 1781 4595 1668 5871
 2520 1296 2302 4103 5820 3788 5745 2028 2851 3059 1484  435 2137 2438
 4082 5908 3085 1349 5952 4138 4272 4586 5746  810 2893  330 5990 3215
  865 3052 4104  206 5289 3166  653 1540  812  662 3127 1225 2244 4776
 2988 3937 1599 5696 5271 4906 4110 4310  205 3183 5584  882  313 2849
 2725 5595 5105  680 5848 1400 3297 3831 4915 5730  663 1410 3622 5624
  190 2636 4852 2550 4959 4341 1978 2372 2120 4943  646 5765 4615 4056
  769 1689  584 1385  573 1091 4673 3931 3518 2086 5514 4643  978 2252
 3161 5145 3648 3317 1653 3066 1573 2839 4695 3337 4842 5093 5302 1699
 5348 3965 3678 1279 3102 5644 5126 1066 1448 3016 1439 3589 3784 1773
 4155  519 1322 2694 4484 4212 3509  507 2577 3395 4472 4834 5731 4976
 3317 5590 3626 5231 1890 5566 3428 3889 2770 5382  605  270 1739 3785
 1960 4451 3120 5704 2462 2536 4119 5591 3796 4110 5243 2581 3730 2970
  463 3558 2856 2603 1901 1553 4626 4713  638 1337 5532 5176 5134 5211
 2916 4596 4234 3552 1339 5185 5859 3528 4197 2730 5734 4050 5667 4335
  550  464 1913 1237 5879  166 3465 1460 1994 3447 5643  994 2981 3438
 4642  502 1197 4751 3459 2781 1244  551 3270 2284]
startmilliseconds 1646519263704
Sorted 4000 Array -  [   7   10   14   15   16   17   21   22   24   24   25   25   27   29
   30   30   33   33   35   37   39   46   46   49   51   51   53   55
   57   58   58   58   60   65   65   66   67   70   70   71   76   78
   79   79   81   83   84   85   88   89   91   93   93   93   94   94
   94   95   95   98  101  101  103  106  106  108  112  112  112  113
  120  121  123  126  128  129  131  131  134  134  136  137  137  140
  141  141  142  143  145  146  146  149  149  150  150  151  153  154
  154  155  157  157  160  161  161  162  162  164  164  165  165  166
  166  170  171  172  172  172  173  175  175  176  180  182  184  186
  187  190  190  192  192  193  193  195  196  197  199  201  202  204
  205  206  206  206  207  208  208  208  209  212  212  213  214  218
  218  219  222  223  223  223  223  225  229  229  229  230  239  241
  245  246  248  248  253  253  254  258  258  259  259  264  266  267
  268  268  269  270  272  274  278  282  282  285  285  287  289  289
  291  291  292  293  295  296  297  299  301  302  304  305  308  309
  310  312  313  319  320  321  321  323  328  329  330  330  330  331
  336  340  340  342  346  348  348  349  350  351  354  354  354  354
  355  355  357  360  361  364  364  365  369  369  370  371  373  374
  376  378  378  379  383  384  385  385  389  390  391  391  393  405
  409  409  409  409  410  415  419  420  421  422  423  424  425  425
  425  426  427  429  434  435  436  436  438  439  440  446  446  449
  453  459  460  460  460  462  463  463  464  464  469  471  472  472
  473  473  474  476  478  479  480  482  482  484  485  487  488  489
  492  493  493  493  494  496  499  502  502  503  503  503  504  505
  507  507  507  509  510  511  511  515  516  519  520  520  520  522
  522  524  526  529  531  531  532  532  535  537  540  541  541  542
  543  543  549  550  550  551  551  559  559  561  562  562  562  562
  564  565  565  565  567  567  567  568  570  572  573  574  574  575
  578  581  584  584  584  585  586  586  591  592  595  595  596  601
  605  605  606  607  611  611  612  612  615  616  617  619  620  622
  626  631  636  638  638  644  646  647  647  651  653  656  658  658
  662  663  663  664  666  671  672  673  673  675  676  678  678  679
  679  680  680  681  681  682  683  686  687  689  689  691  691  693
  695  696  700  700  703  705  710  714  714  715  715  716  717  719
  719  721  723  727  727  730  734  734  736  737  739  740  741  741
  744  744  745  746  747  748  752  753  753  756  760  760  761  767
  769  769  769  769  770  771  773  775  776  776  777  780  782  782
  783  787  790  791  793  793  794  794  799  800  801  804  804  804
  805  810  811  811  812  812  817  820  820  820  821  823  823  824
  825  827  828  829  833  834  842  843  844  845  845  848  848  849
  852  853  853  854  855  864  865  868  870  870  871  872  872  878
  878  882  882  882  883  883  884  884  884  885  885  887  887  888
  889  889  889  890  891  891  892  893  894  894  895  895  899  899
  900  901  903  904  906  906  908  911  912  914  922  927  928  929
  932  933  933  934  936  939  942  943  945  947  948  949  950  950
  951  953  954  957  958  960  960  962  963  963  964  965  969  970
  974  977  978  980  982  984  986  986  989  991  991  991  994  994
  994  995  998  998  999 1000 1005 1006 1013 1016 1018 1019 1020 1022
 1024 1025 1025 1027 1031 1034 1036 1036 1041 1048 1051 1051 1052 1055
 1058 1060 1060 1065 1066 1067 1067 1068 1068 1073 1076 1077 1077 1077
 1080 1083 1083 1089 1090 1090 1091 1091 1092 1092 1095 1096 1104 1106
 1107 1108 1108 1110 1111 1117 1119 1123 1127 1128 1130 1134 1137 1138
 1142 1145 1146 1148 1148 1149 1149 1149 1150 1150 1151 1151 1152 1155
 1156 1158 1160 1160 1160 1161 1163 1165 1167 1168 1169 1170 1172 1172
 1173 1174 1175 1175 1176 1178 1181 1182 1183 1183 1184 1185 1186 1186
 1186 1187 1188 1188 1189 1194 1194 1195 1196 1197 1199 1207 1209 1209
 1210 1212 1212 1214 1214 1215 1217 1218 1219 1219 1219 1222 1224 1224
 1225 1225 1225 1227 1228 1228 1228 1229 1230 1230 1232 1235 1237 1237
 1239 1239 1239 1242 1244 1247 1248 1249 1250 1253 1254 1254 1255 1255
 1256 1257 1258 1262 1263 1267 1268 1269 1270 1270 1272 1279 1281 1283
 1284 1287 1288 1290 1290 1291 1291 1296 1299 1300 1303 1303 1304 1308
 1310 1311 1312 1314 1315 1317 1320 1320 1322 1322 1324 1325 1326 1328
 1330 1332 1333 1334 1336 1337 1338 1339 1340 1341 1342 1342 1347 1347
 1347 1348 1349 1349 1350 1351 1352 1352 1353 1354 1358 1359 1359 1361
 1361 1362 1362 1363 1364 1367 1367 1367 1368 1369 1370 1373 1374 1377
 1380 1382 1383 1384 1385 1385 1387 1387 1390 1391 1392 1393 1393 1394
 1399 1400 1400 1400 1402 1403 1403 1405 1405 1409 1409 1410 1410 1411
 1411 1411 1413 1417 1422 1424 1424 1427 1428 1429 1432 1435 1438 1438
 1439 1442 1442 1445 1446 1448 1453 1453 1453 1453 1454 1456 1460 1460
 1464 1464 1472 1473 1477 1484 1486 1489 1489 1490 1491 1492 1496 1496
 1499 1505 1506 1508 1509 1514 1519 1519 1521 1523 1523 1525 1526 1526
 1527 1528 1528 1530 1530 1535 1538 1539 1539 1540 1543 1544 1545 1547
 1548 1551 1553 1553 1554 1556 1558 1558 1560 1563 1563 1567 1569 1570
 1573 1573 1574 1574 1576 1577 1580 1580 1583 1584 1584 1585 1585 1586
 1591 1592 1592 1595 1598 1599 1603 1604 1607 1607 1610 1610 1612 1614
 1614 1619 1619 1621 1623 1625 1625 1628 1633 1635 1637 1641 1641 1642
 1647 1650 1650 1651 1652 1653 1654 1655 1655 1656 1657 1660 1660 1662
 1662 1665 1666 1666 1667 1667 1667 1668 1668 1668 1670 1671 1672 1672
 1672 1675 1677 1677 1678 1681 1684 1685 1686 1689 1689 1695 1697 1698
 1698 1699 1702 1704 1704 1705 1705 1707 1707 1708 1709 1711 1715 1716
 1718 1722 1724 1725 1730 1739 1740 1740 1743 1745 1745 1745 1747 1748
 1748 1750 1752 1754 1757 1757 1757 1761 1761 1761 1763 1769 1770 1771
 1773 1774 1777 1781 1784 1787 1789 1789 1791 1792 1793 1794 1794 1797
 1799 1800 1801 1806 1810 1811 1812 1813 1813 1813 1816 1817 1820 1822
 1824 1825 1827 1833 1836 1837 1837 1837 1843 1847 1850 1850 1851 1856
 1859 1859 1863 1864 1864 1872 1873 1882 1884 1885 1886 1889 1890 1891
 1892 1892 1893 1898 1901 1901 1903 1905 1912 1913 1916 1920 1920 1926
 1927 1928 1928 1931 1932 1933 1939 1939 1942 1943 1944 1944 1945 1948
 1954 1955 1956 1957 1959 1959 1959 1959 1960 1961 1961 1961 1961 1964
 1965 1968 1969 1969 1970 1970 1972 1974 1978 1978 1979 1980 1985 1985
 1986 1987 1987 1989 1990 1990 1993 1994 1994 1995 1997 1998 1998 2002
 2009 2010 2010 2010 2011 2011 2011 2012 2014 2015 2019 2019 2020 2022
 2023 2023 2025 2025 2027 2027 2028 2030 2032 2036 2037 2041 2044 2044
 2044 2047 2048 2048 2051 2051 2054 2057 2059 2060 2060 2062 2062 2063
 2064 2067 2069 2070 2070 2073 2074 2074 2075 2076 2076 2078 2080 2085
 2085 2085 2086 2086 2089 2089 2090 2091 2093 2094 2097 2098 2101 2107
 2112 2118 2120 2122 2123 2123 2124 2124 2124 2125 2126 2126 2130 2136
 2137 2137 2138 2139 2143 2146 2146 2146 2147 2148 2149 2151 2151 2151
 2154 2154 2154 2156 2158 2161 2162 2162 2163 2165 2166 2166 2173 2175
 2175 2177 2177 2186 2188 2190 2191 2193 2194 2195 2197 2197 2199 2201
 2201 2202 2207 2207 2209 2211 2212 2212 2215 2215 2217 2220 2224 2225
 2228 2231 2231 2232 2233 2234 2237 2237 2240 2240 2241 2242 2242 2243
 2243 2243 2244 2249 2251 2252 2254 2255 2256 2257 2258 2258 2258 2259
 2260 2260 2261 2264 2264 2264 2266 2268 2269 2270 2272 2277 2278 2281
 2281 2282 2282 2284 2284 2284 2284 2286 2286 2289 2290 2292 2295 2295
 2298 2300 2300 2301 2301 2302 2302 2302 2302 2302 2305 2308 2309 2309
 2309 2310 2310 2310 2314 2318 2319 2321 2321 2323 2324 2324 2325 2327
 2328 2329 2330 2330 2332 2339 2340 2343 2343 2345 2347 2348 2349 2349
 2352 2353 2353 2355 2358 2359 2359 2360 2361 2362 2365 2369 2372 2373
 2377 2381 2381 2384 2384 2385 2385 2386 2387 2391 2392 2394 2395 2396
 2398 2400 2401 2401 2402 2406 2411 2412 2413 2414 2417 2417 2419 2420
 2420 2424 2424 2430 2434 2435 2438 2439 2439 2441 2442 2446 2446 2450
 2452 2452 2452 2453 2455 2456 2456 2459 2461 2462 2462 2462 2462 2463
 2464 2465 2465 2466 2467 2470 2472 2472 2472 2472 2474 2476 2480 2480
 2481 2481 2483 2484 2485 2486 2488 2491 2493 2494 2494 2496 2496 2498
 2498 2499 2500 2501 2503 2506 2507 2511 2512 2514 2515 2516 2517 2520
 2520 2523 2524 2524 2527 2527 2531 2533 2533 2535 2535 2536 2538 2541
 2543 2544 2544 2544 2546 2548 2548 2549 2550 2551 2551 2553 2555 2557
 2557 2557 2558 2558 2565 2570 2570 2571 2573 2573 2574 2575 2576 2576
 2577 2577 2578 2578 2580 2581 2581 2584 2584 2585 2585 2586 2588 2591
 2593 2593 2595 2596 2598 2599 2600 2602 2603 2603 2606 2609 2611 2614
 2615 2617 2621 2624 2625 2626 2629 2629 2630 2632 2633 2635 2636 2637
 2637 2638 2639 2641 2642 2642 2646 2646 2648 2649 2651 2651 2656 2657
 2657 2657 2657 2659 2660 2663 2665 2665 2666 2669 2670 2671 2676 2677
 2678 2679 2680 2680 2682 2683 2683 2685 2690 2692 2694 2694 2699 2700
 2700 2701 2702 2706 2707 2709 2711 2712 2714 2714 2715 2722 2724 2725
 2729 2729 2730 2730 2730 2731 2734 2734 2735 2736 2739 2742 2742 2742
 2744 2745 2749 2753 2753 2760 2761 2761 2763 2764 2765 2767 2768 2769
 2770 2770 2771 2773 2774 2775 2776 2778 2778 2781 2781 2781 2781 2783
 2785 2787 2790 2794 2796 2797 2800 2802 2804 2807 2807 2809 2811 2813
 2814 2814 2816 2818 2822 2823 2825 2827 2827 2829 2830 2831 2831 2832
 2834 2837 2837 2839 2839 2839 2841 2843 2847 2849 2851 2853 2854 2855
 2855 2855 2856 2856 2858 2860 2861 2862 2864 2866 2866 2868 2869 2870
 2875 2876 2878 2879 2879 2884 2886 2886 2889 2891 2893 2895 2895 2895
 2896 2896 2897 2898 2900 2902 2905 2907 2909 2915 2915 2916 2920 2920
 2924 2924 2925 2926 2928 2933 2937 2938 2939 2939 2943 2947 2951 2951
 2952 2954 2954 2954 2956 2957 2958 2958 2958 2958 2959 2959 2960 2962
 2965 2965 2967 2967 2970 2971 2973 2976 2979 2981 2983 2986 2986 2988
 2988 2988 2988 2990 2991 2992 2994 2998 2999 3002 3002 3002 3003 3004
 3012 3012 3013 3014 3016 3016 3016 3018 3021 3023 3025 3030 3040 3041
 3042 3043 3044 3045 3045 3047 3048 3048 3050 3051 3052 3052 3052 3053
 3055 3056 3056 3058 3059 3059 3061 3061 3064 3066 3067 3069 3071 3075
 3079 3079 3080 3081 3085 3086 3087 3087 3088 3088 3089 3091 3091 3093
 3094 3094 3094 3096 3096 3100 3100 3102 3102 3103 3104 3105 3106 3107
 3107 3107 3109 3109 3111 3119 3120 3122 3123 3124 3127 3127 3128 3128
 3131 3131 3133 3133 3135 3136 3137 3139 3141 3144 3144 3145 3145 3145
 3146 3146 3148 3150 3152 3154 3157 3159 3159 3160 3160 3161 3161 3161
 3166 3168 3169 3169 3170 3172 3175 3175 3175 3176 3177 3178 3182 3183
 3184 3185 3185 3189 3191 3192 3193 3196 3196 3197 3198 3199 3200 3200
 3200 3202 3203 3203 3203 3203 3205 3208 3208 3211 3212 3215 3217 3217
 3220 3220 3221 3223 3224 3226 3226 3226 3231 3232 3233 3233 3234 3234
 3235 3237 3238 3241 3244 3244 3246 3247 3247 3248 3250 3250 3254 3259
 3263 3263 3264 3266 3268 3270 3270 3272 3273 3273 3274 3277 3279 3280
 3281 3281 3282 3285 3286 3291 3293 3293 3293 3295 3296 3296 3297 3297
 3299 3303 3306 3307 3307 3309 3313 3316 3316 3316 3317 3317 3318 3321
 3325 3327 3327 3329 3332 3332 3337 3337 3341 3341 3343 3345 3347 3347
 3348 3359 3360 3361 3361 3361 3364 3365 3367 3370 3370 3372 3372 3373
 3374 3374 3375 3376 3377 3379 3382 3383 3384 3386 3387 3387 3387 3387
 3388 3388 3393 3395 3395 3395 3395 3396 3397 3400 3400 3401 3401 3402
 3403 3405 3406 3406 3407 3407 3407 3408 3409 3410 3412 3417 3419 3422
 3423 3423 3424 3425 3427 3427 3427 3428 3428 3431 3435 3435 3438 3441
 3442 3442 3443 3445 3446 3447 3448 3448 3449 3451 3452 3456 3459 3464
 3464 3465 3465 3466 3467 3468 3470 3471 3472 3475 3478 3481 3482 3488
 3488 3490 3491 3492 3495 3496 3496 3496 3499 3501 3501 3503 3504 3507
 3507 3507 3509 3511 3514 3517 3518 3518 3519 3520 3521 3522 3522 3525
 3528 3529 3530 3533 3533 3534 3535 3535 3536 3536 3537 3538 3539 3540
 3546 3546 3547 3551 3552 3552 3552 3553 3553 3556 3558 3558 3558 3562
 3562 3562 3565 3566 3566 3566 3567 3568 3569 3569 3570 3571 3571 3571
 3572 3574 3574 3575 3577 3579 3579 3579 3580 3580 3580 3581 3584 3585
 3589 3589 3592 3592 3594 3596 3598 3599 3599 3601 3601 3602 3603 3605
 3605 3609 3609 3613 3614 3615 3615 3616 3618 3620 3622 3622 3624 3624
 3624 3624 3624 3624 3625 3626 3626 3627 3628 3629 3633 3636 3636 3638
 3639 3639 3641 3642 3642 3644 3645 3648 3648 3650 3651 3656 3661 3662
 3664 3665 3665 3665 3667 3669 3674 3675 3676 3678 3679 3680 3681 3681
 3684 3684 3685 3686 3686 3686 3688 3688 3689 3689 3692 3692 3695 3699
 3699 3699 3701 3701 3703 3704 3705 3708 3709 3710 3710 3710 3715 3717
 3718 3720 3721 3722 3727 3728 3730 3732 3733 3734 3736 3739 3739 3739
 3740 3741 3743 3744 3748 3749 3754 3756 3757 3758 3758 3758 3760 3760
 3760 3764 3765 3770 3771 3772 3773 3775 3776 3778 3780 3781 3782 3783
 3784 3785 3785 3786 3788 3788 3791 3792 3793 3795 3795 3796 3797 3798
 3799 3801 3803 3806 3806 3806 3808 3811 3811 3811 3813 3814 3816 3816
 3817 3819 3820 3821 3821 3824 3826 3826 3827 3830 3830 3831 3833 3835
 3836 3840 3842 3844 3845 3849 3850 3853 3865 3865 3867 3868 3869 3870
 3871 3871 3874 3874 3874 3876 3877 3877 3878 3879 3879 3881 3881 3881
 3882 3882 3883 3886 3889 3889 3890 3895 3905 3906 3906 3907 3908 3912
 3912 3913 3921 3923 3926 3928 3929 3931 3931 3934 3936 3937 3937 3938
 3941 3942 3945 3945 3947 3948 3949 3952 3952 3961 3964 3964 3965 3965
 3966 3966 3967 3967 3968 3970 3972 3972 3972 3973 3973 3976 3977 3979
 3981 3982 3984 3984 3986 3988 3990 3990 3990 3993 3995 3996 3997 3998
 3998 3999 3999 4000 4000 4001 4009 4010 4012 4013 4014 4015 4016 4017
 4018 4019 4023 4025 4026 4027 4028 4029 4029 4030 4032 4032 4033 4034
 4035 4036 4039 4040 4042 4043 4043 4046 4047 4048 4049 4050 4051 4055
 4055 4056 4056 4057 4058 4062 4062 4066 4067 4070 4072 4072 4075 4077
 4081 4082 4086 4086 4087 4087 4089 4090 4090 4092 4093 4099 4100 4101
 4101 4102 4102 4102 4103 4104 4110 4110 4112 4112 4114 4116 4118 4118
 4118 4119 4123 4124 4124 4127 4128 4128 4138 4141 4141 4144 4149 4149
 4150 4151 4153 4153 4154 4154 4155 4157 4158 4159 4160 4160 4164 4164
 4165 4166 4166 4168 4168 4169 4170 4172 4174 4174 4174 4177 4178 4179
 4180 4181 4181 4184 4184 4186 4189 4189 4190 4190 4196 4196 4197 4197
 4199 4199 4199 4202 4202 4204 4206 4208 4208 4208 4208 4209 4210 4210
 4212 4212 4213 4214 4214 4219 4219 4220 4220 4221 4225 4230 4231 4234
 4236 4236 4238 4239 4239 4242 4243 4243 4243 4246 4247 4248 4248 4249
 4249 4249 4255 4256 4257 4258 4260 4261 4263 4263 4267 4267 4268 4268
 4269 4272 4272 4272 4272 4273 4277 4277 4278 4280 4282 4286 4287 4291
 4295 4296 4296 4296 4296 4297 4299 4300 4300 4302 4303 4303 4304 4304
 4306 4307 4310 4311 4318 4321 4321 4322 4325 4326 4326 4327 4329 4332
 4332 4334 4334 4335 4341 4344 4344 4348 4351 4352 4355 4356 4357 4360
 4361 4365 4366 4367 4368 4368 4370 4380 4381 4381 4382 4384 4385 4386
 4386 4389 4392 4393 4393 4393 4393 4394 4395 4396 4396 4397 4398 4399
 4403 4406 4407 4407 4407 4409 4412 4413 4414 4415 4415 4418 4419 4424
 4427 4429 4429 4429 4432 4432 4433 4434 4434 4436 4437 4437 4438 4438
 4439 4440 4442 4443 4444 4444 4446 4446 4447 4448 4449 4451 4451 4451
 4454 4456 4457 4462 4463 4463 4463 4464 4465 4469 4470 4472 4472 4472
 4474 4474 4474 4475 4476 4478 4478 4479 4479 4480 4483 4484 4484 4488
 4488 4489 4489 4493 4494 4494 4496 4499 4499 4500 4507 4509 4509 4509
 4515 4516 4517 4522 4522 4524 4524 4524 4526 4528 4529 4532 4533 4534
 4535 4535 4535 4537 4540 4542 4543 4543 4545 4548 4548 4549 4551 4551
 4553 4555 4556 4556 4557 4557 4558 4564 4564 4565 4571 4571 4574 4574
 4578 4579 4581 4583 4586 4586 4586 4586 4587 4589 4592 4593 4594 4595
 4595 4596 4604 4604 4606 4606 4607 4610 4612 4614 4615 4617 4620 4622
 4626 4627 4628 4629 4636 4636 4638 4638 4639 4639 4642 4642 4643 4644
 4645 4645 4648 4648 4651 4655 4655 4658 4659 4664 4665 4668 4668 4669
 4670 4673 4673 4675 4675 4679 4681 4681 4682 4683 4684 4689 4690 4691
 4691 4694 4694 4695 4695 4695 4697 4697 4701 4703 4703 4705 4707 4708
 4708 4709 4709 4710 4710 4712 4713 4713 4713 4719 4722 4723 4723 4725
 4725 4728 4729 4730 4731 4733 4735 4739 4739 4739 4739 4741 4741 4743
 4746 4747 4749 4750 4751 4751 4756 4757 4763 4763 4764 4767 4768 4769
 4770 4771 4772 4773 4773 4774 4774 4776 4778 4785 4785 4785 4786 4795
 4795 4798 4800 4801 4802 4804 4804 4805 4805 4805 4806 4807 4809 4811
 4815 4815 4816 4818 4819 4819 4821 4822 4822 4825 4825 4827 4831 4833
 4834 4834 4838 4838 4839 4839 4842 4844 4845 4845 4847 4849 4849 4851
 4851 4852 4854 4854 4856 4858 4858 4860 4860 4861 4863 4868 4872 4872
 4873 4873 4873 4876 4876 4878 4879 4880 4882 4884 4890 4891 4891 4893
 4893 4897 4902 4905 4906 4906 4908 4909 4909 4910 4913 4914 4914 4914
 4915 4916 4920 4921 4921 4922 4923 4924 4927 4928 4929 4931 4932 4935
 4936 4938 4939 4939 4939 4939 4940 4940 4941 4943 4946 4948 4948 4949
 4950 4952 4952 4952 4953 4953 4955 4956 4957 4959 4959 4959 4960 4961
 4963 4967 4971 4971 4973 4973 4973 4974 4974 4975 4976 4977 4978 4979
 4981 4982 4984 4985 4989 4996 4998 5002 5006 5008 5010 5011 5012 5012
 5016 5017 5018 5018 5019 5024 5024 5030 5031 5033 5038 5040 5041 5041
 5042 5043 5044 5045 5045 5046 5047 5050 5050 5055 5062 5065 5066 5066
 5066 5066 5070 5073 5075 5075 5079 5081 5084 5084 5087 5087 5087 5089
 5091 5093 5094 5095 5098 5099 5100 5100 5101 5101 5105 5109 5109 5110
 5111 5112 5113 5115 5116 5120 5124 5126 5127 5127 5127 5128 5129 5130
 5131 5131 5132 5133 5133 5134 5136 5137 5137 5138 5140 5142 5143 5144
 5145 5147 5148 5148 5149 5161 5162 5163 5163 5165 5167 5170 5170 5171
 5173 5176 5176 5177 5179 5181 5183 5184 5184 5184 5185 5186 5187 5190
 5191 5196 5200 5201 5202 5202 5203 5205 5205 5206 5207 5208 5208 5210
 5210 5211 5214 5215 5217 5220 5222 5222 5227 5228 5231 5232 5233 5234
 5235 5237 5238 5241 5242 5243 5243 5243 5245 5249 5249 5250 5252 5253
 5254 5255 5257 5260 5260 5261 5262 5265 5269 5270 5271 5271 5271 5275
 5275 5276 5277 5279 5280 5281 5282 5282 5284 5285 5289 5290 5297 5298
 5302 5304 5305 5308 5310 5310 5310 5313 5316 5317 5320 5320 5322 5327
 5327 5328 5329 5332 5336 5336 5336 5339 5342 5344 5348 5348 5349 5349
 5351 5352 5352 5353 5353 5355 5356 5356 5356 5358 5359 5363 5363 5363
 5373 5375 5376 5379 5380 5380 5382 5383 5384 5387 5387 5390 5391 5391
 5392 5394 5394 5399 5400 5400 5401 5402 5403 5404 5406 5407 5407 5408
 5408 5409 5412 5413 5414 5414 5416 5419 5419 5421 5425 5429 5431 5431
 5435 5437 5437 5438 5439 5442 5443 5444 5447 5448 5449 5450 5450 5455
 5459 5459 5460 5464 5468 5469 5470 5473 5476 5476 5483 5483 5484 5485
 5487 5489 5490 5491 5491 5493 5494 5494 5496 5496 5496 5497 5498 5500
 5501 5501 5504 5505 5505 5507 5508 5513 5514 5514 5519 5520 5521 5522
 5522 5527 5532 5532 5532 5533 5534 5535 5535 5535 5539 5541 5544 5544
 5548 5549 5549 5549 5553 5554 5555 5556 5556 5556 5556 5557 5557 5560
 5561 5562 5565 5566 5567 5567 5570 5571 5572 5572 5578 5579 5580 5582
 5583 5583 5584 5584 5586 5587 5589 5590 5591 5592 5592 5592 5593 5594
 5595 5599 5600 5603 5607 5609 5610 5611 5612 5613 5618 5618 5620 5620
 5621 5622 5624 5625 5626 5627 5629 5630 5630 5632 5633 5635 5636 5639
 5640 5643 5643 5643 5644 5644 5645 5646 5647 5650 5651 5652 5653 5655
 5655 5657 5658 5661 5661 5662 5663 5665 5665 5666 5666 5666 5667 5667
 5667 5669 5669 5671 5671 5673 5673 5674 5675 5678 5681 5682 5685 5685
 5685 5685 5686 5690 5691 5691 5694 5696 5696 5697 5697 5703 5704 5707
 5708 5709 5710 5710 5712 5714 5716 5717 5720 5720 5720 5721 5726 5728
 5730 5730 5731 5731 5733 5734 5734 5738 5738 5738 5741 5743 5743 5745
 5746 5746 5746 5747 5747 5748 5753 5755 5756 5756 5757 5762 5765 5767
 5767 5774 5775 5776 5776 5776 5777 5780 5785 5787 5787 5788 5790 5790
 5791 5794 5795 5795 5798 5798 5800 5800 5800 5803 5804 5804 5807 5808
 5809 5810 5810 5812 5812 5816 5820 5822 5823 5823 5824 5825 5826 5829
 5831 5832 5834 5836 5836 5837 5837 5837 5842 5843 5844 5848 5848 5850
 5851 5851 5852 5857 5857 5857 5859 5859 5859 5860 5860 5861 5861 5862
 5862 5862 5865 5866 5870 5871 5873 5875 5875 5877 5879 5879 5880 5881
 5883 5884 5884 5885 5887 5890 5891 5897 5899 5900 5900 5908 5908 5910
 5911 5912 5916 5917 5917 5921 5922 5923 5924 5927 5927 5928 5930 5931
 5931 5933 5934 5937 5943 5944 5944 5945 5952 5952 5954 5955 5960 5961
 5962 5962 5964 5964 5966 5968 5969 5972 5973 5974 5980 5980 5983 5983
 5984 5984 5984 5990 5990 5995 5995 5996 5996 5998]
endmilliseconds4000 1646519266072
Total time to sort 4000 elements 2368
--------------------------------------------------------------------------------------------
Total time to sort 20 elements 0
Total time to sort 100 elements 7
Total time to sort 1000 elements 131
Total time to sort 4000 elements 2368

Process finished with exit code 0
