F:\installedsoftwares\pycharm\pycharmProjects\MergeSort\venv\Scripts\python.exe F:/installedsoftwares/pycharm/pycharmProjects/MergeSort/mergesort.py
Given 20 Array -  [2167  296 3431 5439 4560 5674 3545  752 2224  167 5791 2689 4987 1615 2284 4647   47  369 5530 1967]
startmilliseconds20 1646519269757
Sorted 20 Array -  [  47  167  296  369  752 1615 1967 2167 2224 2284 2689 3431 3545 4560 4647 4987 5439 5530 5674 5791]
endmilliseconds20 1646519269757
Total time to sort 20 elements 0
--------------------------------------------------------------------------------------------
Given 100 Array -  [3324  837 3943 5630 3226 2829 4058 4364 4665 5499 3703 3207 2834 2995 5088 3416 1419 3066 5058 5266 2015 3529 4184 3414 5657 2908  167 1050 5522 5887 4554 2179 4750 3632 4867 3084 4947 4272 4796 5156 1968   15 3204 4828  750  144 5847 4628 5315 1810  251 4343 5333 5118  697 2673 3909 5554 1579 5643 1825  384 3031 5731 2122 2757 4769 2021  251 1027 4639 1649 1890 3116 1432 5810 5194 4819 4559 1051  485 5487 2529 5537 1734 3204 2232 1231 1399 1044 1792 2802 5982 5129 4073 2062 1214   69 4163  236]
startmilliseconds100 1646519269757
Sorted 100 Array -  [  15   69  144  167  236  251  251  384  485  697  750  837 1027 1044 1050 1051 1214 1231 1399 1419 1432 1579 1649 1734 1792 1810 1825 1890 1968 2015 2021 2062 2122 2179 2232 2529 2673 2757 2802 2829 2834 2908 2995 3031 3066 3084 3116 3204 3204 3207 3226 3324 3414 3416 3529 3632 3703 3909 3943 4058 4073 4163 4184 4272 4343 4364 4554 4559 4628 4639 4665 4750 4769 4796 4819 4828 4867 4947 5058 5088 5118 5129 5156 5194 5266 5315 5333 5487 5499 5522 5537 5554 5630 5643 5657 5731 5810 5847 5887 5982]
endmilliseconds100 1646519269757
Total time to sort 100 elements 0
--------------------------------------------------------------------------------------------
Given 1000 Array -  [5989 4284  433  558 2022 5652 4761 3318 2739 1941 3037  658 5774  505 5739 5810 4570 2352 3659 3372 3612 1733 1463 4904 2608 2386 3924 4235 3353 3064 4519 4842 5151 3473 5487 2810 1092 5605 1769 3128 5857 1484 5468 2539  344 1767 4874 1982 4592  770 4497 5430 2585 5277 3928    4   61 5514 1670 3851 2060 3754  732 1491 4886 2102  681  310 4350  421 5765  180 2339  892 1776  609 4765 3231 1554 1817 2049 5944 3642 3255 5186 3918 2482 4613  354 1897 3977 2089 1780 5752 5722 4871 2743 5917   24  186 5782 5418 4320 5821 3804 2511 4928  525 3521 2637 3755 5933 3572 1794  443 2982 2316 3320 2396 1378 4514 4276 3515  460 1569 5357 1861 5260 4939 2305  415 1615 4120 2849 3595 2371  951 1309 1871 2110 5917 2429 5723 1914 1111 3898 4651 1845 1046 4855 1789 4565 1304 4454 2339 1069 5943 3666 1934 2853 1723 5369 3471 1188 2489 3268 5096 1421 4803 4250 1003 5957 4819 5748  934 5731 5856 2724  266 5343 4917  365 2228 1033  185 1071  666 1404 4253 1949 2144 1459 5101 5575  185 4287 4789 5071 4634 3209 4625  564 2369   40 3397  852 1526 5853 4201 5199 5898 4572 2106 3743 2391  399 3957 1566 2292 4497 1699 2324 2804 2912 1076 1553  210 4898  754 4379 2840 3596 2492 2145 4286 5666   17 1418 4702  657  382 5349 4439 2133 1951    6 2674 5650 3189 4104 5841 4242 4516 3920 4478 5128 4786 1928 2199 1416  264  278 5988 2230 3430 2362 4448 3449 3218 5453 3367 5704 1009 1926 3383 3268 3126 4606 1703 3026 4977  399 1866 5045  611 5746 1946 5772   60 5368 1157 3450 3500 1509  580 2536 2995 2471 1106 2723 3990 2945 5287 1210 4084 3645 3921 3340 4899 5567 1676 2254 4523 3737 5961 1758 1671 1369 5043 3536 1415 3897 3137 5934 4605 4499 2250 3706 1391 5875 1463 5005  780 5495 4293 2124 2624 5376 5126  187  355 4013 2571  964 2865 2398 5457 3545 5766 3708 3226 3439 4430 2614 3946 5584 5466 2664 4926 4988  355 3506 1245 3503 1543 3711 5008 4979 5188 1656  109  467 3627 3655 3051 3566  167 1851 3556  406 2332 5464 4360  359 3305 2472  403 4927 3328 5934 1879 2173 2497 4973 5210 3316 1907 4884 2365 2026 5367 1337 3250  683 1348 2311 2682 5176 1855 3742 1141 1684 2747 1691 3818 4789 5435 4210 4555 3547 5816  436 2543  251 5492 4780 5533   21 5663 3058 3307  186  214 1872 3575  436 2886 2605  542 2964 1047 2947 5061 1892 1949 4276 5548 5784  571 1821 2521 2789  194 1954 5946 3132 1277 3097 4464 1631 3237 4817  350  795 5603 4498 3724 2641 5591 4349 5046 5653 5972 5179 3005 2311 5005 2070 4664 1814 3289  249  519 1728 5402 4583 3188 3402 4349 2519 4818 1909 1989 2496 4033 1997 4726 4725 3911 1895 2688 5382 5494 1690 4876 4180 5971 5827  840   21 3449 2734 5251 3623  766 2634 5070 1599 1392  702 3587 5172 3552 3316 4606 4283 3466 4427  774 2337  889 5273 2150 5984 5858 4283 4269 3458 1966 5518 4699 2341 1302 5951 1159 1057  421 4039 4050 2526 2098 4608 5122  329  463 5704 2524 4305 3785 1063 5104 3840 2375 5090 4736 3383 3780 4288  238 4554 4087 3356 1673 5019 2805  182 4652 5128 2574 1544 2545 2917 5254 3939 5008 2418 2855 5482 5812 5698 2605 4127 1377 4431  541 1842 4314 5768 2721 5696 3333  888 4393  998 3194 1052 1928 2921 2076 4313 3697 5932 1212 4458 4142   86 4240 3839 1394 3106 5281 1897 1719  525 3190 3065 1431  374  658 2012 1948  124 5915 5446 1888 4422  845 1687 3147 5045 1043 3771 5324 1480  158 4844 5956 4303  511 5278 1275 1372 1314 2080 3776 1578 2161 1313   49 5376 2221 3172 1796 1475 2308 3916 3169 4077 4346 4976 4248 4610 4618 1932 5726  594 3489  894 1878 4926 2274 1861 4616 1665  943 2802 5276 5395 1840 4295 1918 2855 5996 3356 5252 4189  765 4507  574 3296 2793 1154 4343 2518 1588 1757 2043 2430 3918 1398 5102 1938 1114 3135  109 5001  770  285 1569 2373 1515 5115 3121 4819 2614 2838 1843 4748  807 2721 4763 5838 2795 2931 2823  317 4812 4178 5055 4280  682 4370 1936 5793 2593 4821 3932  378 2414 1072  116 5690 3830 1464 5437 3407 2112 2011 3037 4556 3011 5128 5129 5122 3791  859 5360 4052 3961 5016 2260 2498 2791 5178 5994 1467 1820 2525  842 5721 2681 3266 2781 3252 1823   64 3101 4031  251  212 1269 3113  217 4153 2420 3965  687 4158 3974  867 1368 1356 3120  294  734 1400  566 5886 5636 5083 5021 5295  848 5277 4454 3672 1920 5716 4196  397 4852 3996 3368 3564 2832  281 4953 2075  146 5037 4009 2153 3159   21  949 1848 1299  414 2965 4495 5443 4538 1518 4464 1346  196 1069  645 4699  978 3364  296 3646 1240 2486 5705 2151  502  114 4872 5401 3372 4870 4360 2969 2034 4627 4976 4827 3899 2564 3744 2579 1387 3389 3755 5581 5181 1268 3157 1762 4721  866 1682  841  388 2637 5067 5914 2501 4248 3923 3093 4415 2419 2502 5062  236 2047 5561  563 5624 4610 5838 1193 5954 5006  202 3610 1882 4898 4882 1279 2051 4324  181 2329  916 1830 3722 1196 5745  882  545 4149 5675  127 4952 4001 4866 1838 5905 4615 3287 1050 3443 4162 3460 3399 3477  825 1650  928 1198 5909 2065 2258 4857 5013 5175 2066 5231 1781 5527 3346 3439  972  601 4299 1584 5927 4134  359 2252 1802 3562 5543 5472 3665 3568 3698 1127 1440 4090  175 1958 4528   67 3360 2973  269 2372 2177 1611  450 1237 5020 2574 4974 5872 1508 2051 4713 3384 3508 4377 1842 3071 2565 5139]
startmilliseconds 1646519269785
Sorted 1000 Array -  [   4    6   17   21   21   21   24   40   49   60   61   64   67   86  109  109  114  116  124  127  146  158  167  175  180  181  182  185  185  186  186  187  194  196  202  210  212  214  217  236  238  249  251  251  264  266  269  278  281  285  294  296  310  317  329  344  350  354  355  355  359  359  365  374  378  382  388  397  399  399  403  406  414  415  421  421  433  436  436  443  450  460  463  467  502  505  511  519  525  525  541  542  545  558  563  564  566  571  574  580  594  601  609  611  645  657  658  658  666  681  682  683  687  702  732  734  754  765  766  770  770  774  780  795  807  825  840  841  842  845  848  852  859  866  867  882  888  889  892  894  916  928  934  943  949  951  964  972  978  998 1003 1009 1033 1043 1046 1047 1050 1052 1057 1063 1069 1069 1071 1072 1076 1092 1106 1111 1114 1127 1141 1154 1157 1159 1188 1193 1196 1198 1210 1212 1237 1240 1245 1268 1269 1275 1277 1279 1299 1302 1304 1309 1313 1314 1337 1346 1348 1356 1368 1369 1372 1377 1378 1387 1391 1392 1394 1398 1400 1404 1415 1416 1418 1421 1431 1440 1459 1463 1463 1464 1467 1475 1480 1484 1491 1508 1509 1515 1518 1526 1543 1544 1553 1554 1566 1569 1569 1578 1584 1588 1599 1611 1615 1631 1650 1656 1665 1670 1671 1673 1676 1682 1684 1687 1690 1691 1699 1703 1719 1723 1728 1733 1757 1758 1762 1767 1769 1776 1780 1781 1789 1794 1796 1802 1814 1817 1820 1821 1823 1830 1838 1840 1842 1842 1843 1845 1848 1851 1855 1861 1861 1866 1871 1872 1878 1879 1882 1888 1892 1895 1897 1897 1907 1909 1914 1918 1920 1926 1928 1928 1932 1934 1936 1938 1941 1946 1948 1949 1949 1951 1954 1958 1966 1982 1989 1997 2011 2012 2022 2026 2034 2043 2047 2049 2051 2051 2060 2065 2066 2070 2075 2076 2080 2089 2098 2102 2106 2110 2112 2124 2133 2144 2145 2150 2151 2153 2161 2173 2177 2199 2221 2228 2230 2250 2252 2254 2258 2260 2274 2292 2305 2308 2311 2311 2316 2324 2329 2332 2337 2339 2339 2341 2352 2362 2365 2369 2371 2372 2373 2375 2386 2391 2396 2398 2414 2418 2419 2420 2429 2430 2471 2472 2482 2486 2489 2492 2496 2497 2498 2501 2502 2511 2518 2519 2521 2524 2525 2526 2536 2539 2543 2545 2564 2565 2571 2574 2574 2579 2585 2593 2605 2605 2608 2614 2614 2624 2634 2637 2637 2641 2664 2674 2681 2682 2688 2721 2721 2723 2724 2734 2739 2743 2747 2781 2789 2791 2793 2795 2802 2804 2805 2810 2823 2832 2838 2840 2849 2853 2855 2855 2865 2886 2912 2917 2921 2931 2945 2947 2964 2965 2969 2973 2982 2995 3005 3011 3026 3037 3037 3051 3058 3064 3065 3071 3093 3097 3101 3106 3113 3120 3121 3126 3128 3132 3135 3137 3147 3157 3159 3169 3172 3188 3189 3190 3194 3209 3218 3226 3231 3237 3250 3252 3255 3266 3268 3268 3287 3289 3296 3305 3307 3316 3316 3318 3320 3328 3333 3340 3346 3353 3356 3356 3360 3364 3367 3368 3372 3372 3383 3383 3384 3389 3397 3399 3402 3407 3430 3439 3439 3443 3449 3449 3450 3458 3460 3466 3471 3473 3477 3489 3500 3503 3506 3508 3515 3521 3536 3545 3547 3552 3556 3562 3564 3566 3568 3572 3575 3587 3595 3596 3610 3612 3623 3627 3642 3645 3646 3655 3659 3665 3666 3672 3697 3698 3706 3708 3711 3722 3724 3737 3742 3743 3744 3754 3755 3755 3771 3776 3780 3785 3791 3804 3818 3830 3839 3840 3851 3897 3898 3899 3911 3916 3918 3918 3920 3921 3923 3924 3928 3932 3939 3946 3957 3961 3965 3974 3977 3990 3996 4001 4009 4013 4031 4033 4039 4050 4052 4077 4084 4087 4090 4104 4120 4127 4134 4142 4149 4153 4158 4162 4178 4180 4189 4196 4201 4210 4235 4240 4242 4248 4248 4250 4253 4269 4276 4276 4280 4283 4283 4284 4286 4287 4288 4293 4295 4299 4303 4305 4313 4314 4320 4324 4343 4346 4349 4349 4350 4360 4360 4370 4377 4379 4393 4415 4422 4427 4430 4431 4439 4448 4454 4454 4458 4464 4464 4478 4495 4497 4497 4498 4499 4507 4514 4516 4519 4523 4528 4538 4554 4555 4556 4565 4570 4572 4583 4592 4605 4606 4606 4608 4610 4610 4613 4615 4616 4618 4625 4627 4634 4651 4652 4664 4699 4699 4702 4713 4721 4725 4726 4736 4748 4761 4763 4765 4780 4786 4789 4789 4803 4812 4817 4818 4819 4819 4821 4827 4842 4844 4852 4855 4857 4866 4870 4871 4872 4874 4876 4882 4884 4886 4898 4898 4899 4904 4917 4926 4926 4927 4928 4939 4952 4953 4973 4974 4976 4976 4977 4979 4988 5001 5005 5005 5006 5008 5008 5013 5016 5019 5020 5021 5037 5043 5045 5045 5046 5055 5061 5062 5067 5070 5071 5083 5090 5096 5101 5102 5104 5115 5122 5122 5126 5128 5128 5128 5129 5139 5151 5172 5175 5176 5178 5179 5181 5186 5188 5199 5210 5231 5251 5252 5254 5260 5273 5276 5277 5277 5278 5281 5287 5295 5324 5343 5349 5357 5360 5367 5368 5369 5376 5376 5382 5395 5401 5402 5418 5430 5435 5437 5443 5446 5453 5457 5464 5466 5468 5472 5482 5487 5492 5494 5495 5514 5518 5527 5533 5543 5548 5561 5567 5575 5581 5584 5591 5603 5605 5624 5636 5650 5652 5653 5663 5666 5675 5690 5696 5698 5704 5704 5705 5716 5721 5722 5723 5726 5731 5739 5745 5746 5748 5752 5765 5766 5768 5772 5774 5782 5784 5793 5810 5812 5816 5821 5827 5838 5838 5841 5853 5856 5857 5858 5872 5875 5886 5898 5905 5909 5914 5915 5917 5917 5927 5932 5933 5934 5934 5943 5944 5946 5951 5954 5956 5957 5961 5971 5972 5984 5988 5989 5994 5996]
endmilliseconds1000 1646519269805
Total time to sort 1000 elements 20
--------------------------------------------------------------------------------------------
Given 4000 Array -  [5757 5439 5874  154 2735  954 5358 3028 3601  883 1427 1508 2453 2523 1309 4319  899 2696 2131 3869 3326   92 2662 2956  754 4133 3896 1501 2153 5243 2240  279 1380 5860  757 3300 4477 2188  646 1385 2854 3484 2878 3374 2105 3999 2686  681  572 4533 3232 5958 2959 5166 1963 2558  742  512 2709 4563 4903 3507  359 3791  750 4859  113 5936  744 3166 4918 5632   48 3247 1233 4423  289 5286 3675  353 3678 2161 1026  368 1959 1668 2317 5279 5467 4562 3973 5247 4768 3361 4758 1553 3988 1757 1296 4025 1551 1267 1607 4040 3890 3365 3338 5662 2893 1067   23 4707  539 2339 5267 4132  107 5360 2620 3767 3929 3617 5488 5363 3864 4643  570 2837 2618 5426 3498 2888 5056 2665 4941 3575 3507 3375 5606 3981 5356 1616 1581 3048 1245 2067 5036 2159 2716 2021 2351 1066 3434  706 4470  272  950 1278 3195 1028 5683 5730 5533 2072 2643   63 4499 1936 5674 5360 1718 5455 5758 2561 2474 2730 2080 5613 4372 3699 3161 1833 5503 3357 1666  789 5888 1691 3309 3293 4479 4013  538 5453 5771  444 4249 3719 4302 5894 3911 2818  903 2862 2486 1027 1475 5509  835 5560 5557 2289   86  296 1613 2929 4065  670 4465 5468 1036 5702 3081 5362 3530 4316 4729  756 2136  729 5797 4785 1411 1973 4459 5628 2186 2332 4623  350 3496 3495 3828   76 1157 4866 3438 1520 1338 2346   96 3327  460 4171 1672 2270 2532 3813  318 5061 4589 1145 5747 3492 4943  375 5400  569 2014 5471 5312 3089  907 4936 5417 5744 5651 3919 4921 3589 2768 5985 1943 3436  677 1227 5364 1261 2203 5272 2621 3529 5769 2173 3297  204 1585  627 3811 5811 4864 5466 3011 1293 3982 5540 1391 4033 4872 3983   48 3726 3187 1016 3454 2587 1030 1754 4070 5313 5223  367 5261 3053 1305 4318 2076 2931 1172 2141 2650 5221 1181 1935 1348 4622 5007 4170 5177 3096 5773 3528  155 3850 5868 1180 2393  846 1597 2391 1047 1453  197 3669 1656 1367 4642 5590  209  129 2508 4119 4832 2829 3803 4864 4604 2904 4717  564   21 2806 1083 1629 5475 2982 3562 4743 5930 5446 2511 4877 5262 4879 5816 4728 5515 4280  748 2395 3764 5923 5230 4665 5438 3637 4749 5497 2633  486 1401 3380 4664  211 4983 4037 3619  136 5631 3865  402  833 2588  380 5162 5940 3000 2269 2889 1663 1515 5121 2770 3761 1334 4081 2369 4922 1849  734 1236 4097  162 1940   44 3269 3972 3236 1439 1669 3873  339 5799  281 1000 5791 2224 1443 4681 5983 3521 5533 2129 3239 2640 4428  791 4097 3202  370 4330 1478  331 4929 3471 3156  666  619 1013 5741 3932 3067  397 5027 4511 2184 2190 5324 2383  780 4684 3625 5703 5873 4363 1342 4114 3687   56 3224 5775 3425 4955 5955 3567 2785 1011 2201 1358 2073  657  579 5001 1125 4852 1643 4557 2007 2079 3429 4652  709   23  842 5426 5273 1628 2315 4445 5999 1371 5607 4560  225 3778  504 1518 5820  665 3935 4977 4700 4895 4952  192 5601 4551 3916 3336 5918 1603 4809 4008 1321 1732 5484  528 1330 4644  822 5026 4978 5625 4802 1259 5014 3446 5964  701   60 5483 5039  159 4067 4601 5536 2604  268 2611 4080  413   78 5418  915 5306 5741 2055 1249 1097 3425 4509 5689   50  955 1704  708 1188 5953 4116  288 4970 5853 1968 3864 4836 1664 1120 5887 3131 2755 5288 4520  140  840 3452 2627 2859 3979 1517 1402 5138 2061 5359 2016  353 4760  207 5805 5740 1633 5601 5018 2486 1192  755  969 2802 5440 2406 4162 1096 1616 4378 2330 3424 2296 1252 3039 2742 3886 3248 2939  915 2623 1918 2143  147  913 5764 2091 5143 2049 1530 4577 5095 2868 1931 2562 1159 5792  420 2573 5775 5234 2449 2969 3785  644  621 5419  919 2537 1223 5232 1966 3381 1917  181 2070 5231 4867 3802   34 3804 5565 3300 1657 5540 3483 4983 1853 5976 1097 5970  754 1092 1003 4466 3809  831  589  158 1829  531 1390  274 1801 2761 2834  463 3557 2970 3568 3933 1961 1039 3597  832   52 3134 2156  850 4797 1439 3949 3886 5996 2335 4258 2008  401 2225  376 4718 4470  838 1432 5416 1000 3525 4775  355  911 2380 2455 4657 1985 3036 2466 3979  380 2816 5556 1165 2474 1991 4466 4633 1128  636 1193 2949 2576 3808  516 3873 3797 1026 5577  136 2837 1068 2563 2864 3743 4110  456 1097 1087 4266 4594 5032 4610 3967 4282 1564 2479 3729  468 4909 4592 4667 1143 5162 4756 3876 4117 4145 2551 1416 5392 3412 2829 5818 4381 2630 5315 5716 3437 2168 5759 3320  408 4416 5180 3132 4157 1736 2053 2014  627  508 5228 5712 5485 3486 5303 4995 2001 3793 2785 2058 3717  569 4304  417 4910  920 2555 5433 4137 1273 5545 1772 4778 3844 3527 4187  369 5744 4750 4638 2786 2744 2565  694 2524 4546 3532 1907 5792 2408 2121 5332 4571 1891  741  103 4064 2310 1010  198 3419 2064 2724  306  108 5965  403 5509 4255  739 4445 3962 4796 1658  141 3309  622 1062 3695 1622 5203 4171 4526  268 4557 2094  540 1512  330 4739 2167 5442  138 4976 4386 1847 3851 4522 5466 4830  103 3997  652 3466 3743 3998 1832 5544 5145 3123  978 4962 5325 3920 4558 2643 5916  258  984 4030 5470 2421 4383 1705 2379 4243 2850  630 5812 4676 1945  225 1940 3203 4397  514   87  944 4385 1852 5945 1485 4891 1098  869  475 4718 4527 1700 1058 5968 4254 4568 4545 2398 1433 1383 1724  632 1133 3260  126 4186 3088 2142  505 1332 1637 5258 2553  256 1652  427 3890 2370 2270 5119 1694 5156 4924 2488 3947 5877 3120 2175 3245  722 5849 4796 5313 3384 3719 3026 4631 4234  834 2901  754 2209 1060 5710 2439 5672 3468 4421  109 3275 3471 1143 2518 1537 1788 3759 5634 4830  715 1376 1855 1550 5220 4417 1589 3806 1437 4870  693 3343 4430 4477 3089 5267 1203  384 1575 2086 3727 4307 1812 5035  325 1371  828 2157 1869  455 1646 4794 2743 1348 5232 3442 1630 5283 5032  610 2098 2350 1962 4873 4833 1071  741 5800 4098 3721 5521 4984 4716 5094 3288 5395  801 4973 2554 2479 3689 2904 5157 5996 4031  699 5667 5174 5236  911 2000 1173 2819 4299   38 1640 1640 3562 5562 2322 1855  897 1288 2918 2724 1073 4152 1651  532 2929  341 5851 4423 1857 2080 3000 4424 1813 5735 5826  677 4792  794  457 1059 3495 5897 1366 3557 2563 4967 1812 2379 3040 4632 2109 1804 4805  619 5863 2395 1673 4315 2258  738   22  631  516 2373 4381 1374 4002 3840 2486  381  324 1655 1180  247 5555 3866 3828  187 3833 4908 2791 1665 1973 1643 5543 5957 1004   67 5884 3035 5245  189  123 5248 2755 5120 3088 1608 3200  899 3769 3535 1406 3002 4847 1026 3020  149 4830 1048 4654 1910 3605 3092 5381 2351 1283  786  421  337 5439 5164  884  942 5647 2097 2908 4475 4181  240 4618 4160 4614 1855 3658 5711 2874  196 5104 4212 5082 2306 4039 2461 1454 1906 5420 1186 2958 1921 2791 5510 3800 1196 2997 1195 5898  856  198 3977 1825 3539  386 2249  676 1893 4946  120 5299 3414 2761  368  439 4076 3227 4255 1936  411 1848  630 4820 4314 5750  908 4032 1925   59 4142 5944 1599 4255 2046 3581 1169 3457 1495 1113 2418  724 2005 4008 4893 5792  972  855 1865 3197 4942 4657 2847 2910 2062 2206 1985 1860 5763 1780 1235 3503 5723 1333 4712 2857 4405  499 2377 5672 5182 5590 2636 3486 2374  698 5625 1759 3311 3899 3378 1340 1203 5281 1708 1425 2993 2957 5355 2174 3023 1099 1060  907  483 3734 4785 3395 4881 2509 4930 1677 2390 1106 4700 4964  145 3333  471 4223 1271 3886   21 1817 1067 3223 2900 3510  428 2566 5211 2029 2185 5911 2317  589 5707  243 3236 2727 3187 5655 5394 4155 4608 2249 4537 3470 5837 5194 1295 1456 3821 5313 1783 3280 3685 4855 3470 5412  201 1200 3924 2260  796 2128 1341 4036 5714 1568 3065 5371 1392 1275 5834 1101 5239 4860 4977 5688 4115 1982 4888 3122 2408 2288 1000 3231 5266  128  457  415  957 3316 4736 1720 3405 4745 5275 5446 1145 2387 1977  897 2158  567 3425 4425 2879 2987  532 2289 5684  765  646 3796 1292 1680 3767 1585 2897 2128 5688 1230 1813  518 1741 2462 2221  528 2627 1653 5604 3227 5538 1207 3291  409 4431 1194 4382 5541  788 4259 3471 5203  892 4652 4137  700 3794 2379 2313 5799  245 3592 3889 3483 2119  381 5314 2879 1152 3227  873 4471  422 1646 5072 2082 3869 4239  452 5770 3826 1127 3483 3128 2008 3853 1506 4058 3468 2833 4907  709 3654 5737 2102 3412 4564 3979 1071 1108 5726  146  146 2122 2884 4776 4451 4405 1993 2813 5661 3109  372 5762  496 1063 5892  257  324 5225 1209 2903 2369  119  359 2601 5692 3888 4402 1993 2556 5292 3758 2075  735 2584 4224 5820 4985 1074 4426  479 3850   99 4186 4736 2467 3854  864 4282 1186 2528 5740 1044  116 3208 5979  215 4393 2366 1162  710 1205 5376 5316 2596 5477 4742 3959 2803 2547 1972   57  879 3481 5679 3695 2039 1334 3301 5120 5709 2307 3541 4267 3863 5473 2235 4144 2535 1829  765 5639 5148 3681 2712  995 1114 4447 5560 4314 2125 1310   71 3339 5800 5854 4699 2192 5637 2746 4332  690  593  181 1037 1284   78 1498 3362 1008 2649 1830 5217 4910 4062 5418 3466 4903 2777 4023 1393 4733 5855  136 4854 1760 3208 2069 4789 1895 4667 5167 1663 4990 4127 2626  990 3162 5810  639  539 1654 1521 2971  574 3805 4134 5994 5646 2004 1315 5758 1421 4400  297 2055 4277 1409 2054 3453 1619 4708 1838 4036 3724 4953 2545 3131 3330 4874 5868 1328 1717 3490 2782 2021 1352 1521 3101  791   61 5892 4115  438 3537 2450 5146 5845 3512  853 3347 4964 5799  716  445 2843  958 1427 2191 5921 1513 5654 5017 1855 3883   65 2933 1463 2956 1401 2526 1337 4114 1391 5906  764 3715 2741 4371 3058  382 3400 5490 5858 2683 3129 2560 3013 3813 3912 3416 2759 3684 3873 5086 5040 5421 2921 4676  466  448 2937 4578 4645 1872 1725  670 2140 1584  729 2224 4106 4918  147 5976 4418 5040 5092 5384 1346 2567 2714 1273 3031 4829 2592 2989 2249 2037 5931 3573  428  577  644   23  463 4895 4415 3283  379 3450  281 5846 5593 4572 3067 1930 2685 5726 3007 1917 5558 3355 2719 1698 1314 1401 1739 1624 4904 3615 4787 3402 1322   26  460 5286 5905 4367 5435 3566 4342 2865 5964 2750 1746 4505 1138  974 2031 5077  983 3951  250 1634 5334  600 1687 1723 5637 3307 5179 2407 5244  172 4656 2954 3261  440 3807 4861 4899 2201   65  147 1561  382 4413  945  195 3508 3864 2690 5219  588 4768 4976  742 2251 5379 1110 2158  423 5732 5198 1740  267 3825 3229 4914 2727 4895 3650 5685 3478 5332 1842 2643 1288 5615 5298 5931   24 5024 5509 1220 3391 2502 3623  121 4046 5537 1237 5728 1225 2842 5656  145 4215  474 4075 5468 1212 5344 2026 3431  825 3162 4352 5232 2706 5681 4449 3154 1138 1980 1054 4862  864 5186  660 2389 4576 5347 1168 2246 3125 1611 1632 1013 3108 1760 4241 3973 1596 1462  986  901  730 5627 1112 2464 3956 3618 4380 3313 4421 5376 4688 5769  240 5707 5668 1301 4668 1040 2263  707  737 5901 5501  486 5211  979 5292 2783  233 3549 1729 4058 3656  775  509 3378 1816 4775 4521 5483 1202 2559 4338 3977  920 1826 3342 4162 3288 5761  428 1556 3862  403 5416 5477 5005 5940 1583 3895 1525 5594 1513 4378  980 3653 2385 2153 3452 4883 1968 5252 1530  679 2796 2329 2793  969 1536 3942 2721 2713 1878 3721 1228 2378 2031 4265  699 5443 1800  174 1573 4907 3239 3552 3674 2183 3736 1886  670  193 4222 5799 5025  291 1155 2322 3055 4729 3040 1706 5934 2205 4999  332 4054 2434  862 1370  200 5967 3432 3401 4395 3387 1896 5231  118 5568 4162 3735 5940   42 5081 2797 1851 1670 2414 4441 4034 4216 3006 2301 5698 1737 3796 3590  296  438 4361  308 4951 2201 2198 2711 3900 1518 2293 1634 3571 1597 1267 1708 1224 4581 2262 4498 1097  210 2059 4135 3372  254 3466 2548 2010 5540 3334 2879 2361  216 2454 2089 3067 4217 3953 4546 5781 4707 2015 3152 4148 4063 3572 2728 5437 1350 5145 4729 1425 2426 5999 4365 4896 5454 2838 4669 5980  453 1621 3065 4936 3277  800  455  733 4345 1280 3402 5030 3767 5823 4695 2305 1153 4462 3797 4251  328  896 2466 1890 5770 2338 4202 3342 3478 2759 4721 2381 5210 4328 3021 5042 4494 5877 3917 5733 4137 3832 2282 2405 4422  463 1857 3174 5316 1120 2818 5617  149 3452 1680 1708 5676 2678 3320 1712  799 4646 5252 5781 5927 5282 2686  706 3370   80 1528 1373 1248  907  990 4268 2359 3520 1614 5522 2562  313 4290  926 3843 2304  269 3157 2992  264  854 4860 5109 2239 2129 3934 1929 4473 4234 2447 3689  870 1708  622 4992 2735  737 2906 2741 2710 4574 4349   96 4486 3301 2208 1847  127 3537 1660 1521 4526 5848  875 3293 1144 5327 1124 4283 1474 1771 2565 2675 4064 5395 3734 3283 5283 3650 5902  863 4296 5229 2690  288 5875 5954 3224  692 3284 1323 1385 5774 5052 3611 1064 2300 3899 4483 3705 2822 5331 2224 5875 5138  566   81  312 3962 2694 1278 2164 5877 2114 4990  185  934 5826 3628 5775 4099 5454 4897  691 3300 5380 5513 2715  255 5588  411 4312  239 5027 2213 3496 3500 5707 1788  375  584 4951 4387 2076 1349 2058 4397 3341 4777 5959 3676 1797 5669 3353 1559 4322  285 3698 1550 5430 4971 3061 5509 1392 5188 5415 5600 4758 3058 5325 3927 5657 1998 1229 2407 5588  936 2040 5675 3305 1749 3203 1994 4453 2951 4499 2497 3359 5423 3008 1111 2619 3690  555 4271  978   82 2047   81 1310   72 5361 5595 2928   51 3665 4718 4583 5197 5301 5929 4529 1287 5807 1146 1620 3256 4742  283  630 5236  105 4354 1349 1540  446 1951 3082 4229  294 1493  338 2163  694  373 1996  986 4573 3721 5416 1270 3643 5545 2443  516 5363 3691 4109 1212 3472 2692 4560 1371 3823  469 5497 4310 1729 3591 2579 5562 4019  607 3053  535 1922  698 5342 2439  967 4233 1404 5458 1537 1344 2050 4326 5818 3987 2337 3077 4520 5435 5167 5162  813 3608  508 1313 3917  612  649 3614  163  749  727 3885 3437 3336 4544 4682 3561 5190 4249 2377 1096 4575 4071 5486 3553 3596 1886 3881 4203 4165 2280  665 3615 1448 3881 3850 5021 4234 4268 3458 4144 5025 3199 3633 3104 1452 2134 3127 5656 5519 4279 3149 1097 4290 2000  454 4666 3305 5789  696 1222  576  524 1117 4297 2673 3027  164 1964 3322 4600 4187 5599 3457 1339 5460 3665 3281  391 3019 2235  184 1129 4983 3544 5823 5873  691 3308 5541 2429 4918 1975  686 5277 2190 5026 1315  474 2537 2411 1958    1 1505 3110 2618 5664  528 5378 4270 5981 3076  365 4708 3241 1457 5145 4720 3876 4413 1353 2739 4350 5370 3505 4795 2776 5169 2572 1457 1090 5260 5588 4579 4188 4309 3286 2408 2980 3662 2345 4979 5951 4615 3636  934 5779 5144 1823 2233  754 4867 2455 3561 3878  470  849 5334 3830 3641 3763  893 2909 2198 3851 4388 4123 5893 1686 4939 1516 2517 3417 1740 5903 5569 3097 5396 2710 1628  292 2866  253 2938 1917 1371 3203   69 4034 2616 4826 2431 4593 4125 5899 4671 4739  501 5437 2158 4291 4757  858 2765 4023 1632 5029 1585 4675 2053 3117 3647 4971 2891 1420  628 5637 1213  631 3935  442 1698  944 3640 1994 4526 4229 5521 2911 2475 1684 5929 5777 2033 4466 4011 2706 2960 5005 4858 3291 3922 3193 3415 4725 2049 4210 2387 5478 1872  847 5211 1373 5774 5912 5181 4055 4053  674 2229 4664 3706  612 3915 2807 1531 5502  339 4856 1331 3138 4304 4536 3029 4671  104 2824 4268 5335   71 5274 4769 1276  560  599  969 1674  863 1764 2332 5449 2573 3874 1212 2589 2755 2715  319 1893 4029 5875 4436 5508 1686  667 4207   55 2875 2434 1900 5190 5840 2160 4652 5066 2680 3687 1663 2990 2065 3809 5239 2944 1448 3664 5922 5775 1957 2611 4892 3767 2093 3729 5299 1736 1296 5881 4927  120 3016 4895 4149  486  659 3515 5767  334 5005  194 5172  612 1520 2048 5257 1070  686 2365 3643 3973 2819 5991 2652 4710 3210 4607  240 4521 5241 4608 4409 3603 2880  741 3347 1578 5421 2165 1049 3103 3998 3010 5814 2330 4059 4690 1646 3180 3052 3846 4117 1464 4255 2940 5125 3237 1371  241 5717 3969 1295  127 2929  698 3849 1903 1499 2976 1495 3362 2830 4900 2500 5031 3802  515  304 2975 2673 2390 1244  628 5530  897 1966 3527 5516 4814 5384 2672  445 3184  302 3734 1391 1097 5776 1994 1850 5511 2848 1762 3472 4170 1494 1728 1051 4844 5942  724  467 1688 5023 3626 1515 5065 3002 2485 5391  351 2398 3011 2855 2744 5850 3441 4320 5460 4071 5150  935 2633 3712 5124  625 4584 5274 4599 1522 5027 4613 5011 3019 5210 3155 5476 2846  225 2209 1538 3180 5947 1898  875 5670 1791 4318 3967 2211 3249 5476 2887 3126  511 1856 2013 2218 1742 4002 1434 5436 2815 5273 4347 4324  165 5717 4094 1171 5526 4554 2960 5531 1995 3993 3101 4348 1679  780 5979 1712 4622 4279  185 4214 5464   45 1562 2925  921 5654 4550 1315 5270 1003 2986  917 1186 3404 5936  639 3839 5191 5631 2337 3331 3347 1707 4814 4033 1732  493 1374 2570  188 1994  423 2710 2083 3802 2557 2478 2279 4417 2035 5046 3379 4062 1276 2189   18 2424 5386 4752 2672  628 2635 1466 1583 5507 5363 4196 3199 5079 4761 5556   46 4063 3258 1052  481  440 2827 3511 3794 1010 3313 4994 2455 1612 5258 1546 2887  643 1811 4423 4341  466 4059 2865 2918  771 1094  335 5541 3217 5217 1871  467 4600 5524 3477 4832 4018 2874 2815 1145 3613 2278  781 1993 3824 2448   76 2431 5411 1275 1199 3429 3254  251 5939 1789 5457 5728 5239 4736 4636 4931 3380 5997 5791 1749 5376 2553 2849 5548 2679 1692 1851 5015 5436 1159 3236 5012 5300 3312 3953 2010 5630  387 4728 1029 2730 2575  297 2604 5028  841 1315 2144 4419 2966   38 4874 3747 2359 5348  967 1786 3074 2979 3366  687 1298 3173 5930 5351  755 4110 5026 5895 2759 5278 5241   73 2715 1199  263 4543  283 5322 5097  121 5556 3930 2700 1122  849 2460 5694 1474 2082  639 2579 3577 5630 3964  856 1655 4818  265 5199 5521 2021 4780 5223 2350 2590  276 1848 2244 3039 3796 1889 3789 4008 2721 4407 3376 1750 2945 4553   18  423 2242 5378 2237 5634 4794 2966 4704  397 4743 3905 2119 3552 3202  401 4748 5859 3260 2643  262  975 1290 3284 5550 4512 4110  661 1667 3706 2175 5091 1592 1139 4809 3383  432 3899 4558 5259 5997 2931 2736 4935 4758 1310  465 5915 5609 1133 3753 5618 2794 1808 1322 2965 5771 3486 5498 5757  338 4527  227 1379  629 4440  442 4543 1256 1898 2374  476 2958 5656 1925  484 5181  540 2766 2910 2269 1532  285 4458 1449  914 3107 2130 5751 1186 3218 4390  208 3002 4555 1923 5357 1035 5876 3011 4035  252 2404 4525 2126 3621 5270  888 1310 5020 1671 3456 2691 4041 1121 3825 2756 5977 2471 1067 4235 1660 5921 2784 5567 1332 4414 2342 3491 1106 2274 4917 2205  184 1604 2154 1311  339 4268 2817 1778 1980 1729 3666 3589 4796 2748 2834 1798 3585 3258 3973 3681  198 3625 3829 5840 5619  570 5573 1011 5153 4411 5640 2847 3085 3914 5760 1643 5523  711 5434 5220 3932 5164 2050 2970   84 4912 4425 4574 4977 4016 2703 1553 5539 5052 4945 5032  670 1474 1618 1669 2282 5488 5517  932 5689 1011   84 3869 5764 2974 1127 3187  648  721  402 3096 3544 3190  162 3286 4031 5905  170 2660 1739 4509 3226 1294  914 1200  470 5156 2619 3394 5141 1617 4817 2617   38 1017  711 3401 2251 1466 3813 4354   46 2109 2435 3189 4956 4716 5852 2785 5904 1938  154 2936  567 3944 1552 3409 4619  339 3192 5072 3659 4823  711  235 2252 3835 2312 2808 2526 5168  334 5536 4116  800 3851 2997 5411 4526 2038 1518 2331  706  339 2521 3839  921 5874 1982 5133 3286 3732 4288  288 3585 3896 2433 3260 1851  645  867 5953 5649 4881  504 1210 5179  743 5405 1111 5611 5895 3690 2375 4932 5911 4116 5120 2584 3282   85 5416 3766 5769 4128 2180 3964 3893 2211  834 5295 3708 5201    5 3858 5707 5054 4844 3676 1938 4834 2463 1564  639 5484 2533 4309 4782 4471 1802 3036 4682 3508 4470  819 3178 2372 2568 4258 4216 3155 5481   62   29 4106 2565 5629 5628 5773 1421  146 1724 5022 2735   60 4286 3958 1704 1337 1779 1877 1977 3500 2130  409 4994 1398 4054 1557 5301 5299  373 2757 1421 5193 3001 2293 5917 4669 1854 1366 5479 3300 5885 5785 5815 1889  526 3530  382  676 1989 5673  178 4342 1878  168 2250 1310 2661 2820 5000 4463 3409 2289 3884 2630 4954 1037 5009  726 5042  464 1525 3879 3231 4009 1415 2115 2391 3392 5304 5745 2942 5512 2076 2691 2805 5030 4134 5278 5706 4347 2147 1348 4381 3878 1493 4850 1480 5408 1998 4020 1272 1029  118 3020 4279 1216 2804 1240 5860 1089 2205 4739 4031 1334 5946 5744 3311 4557 3771  839 5707 2626 4569  460 2373 2132 4577 1346 4754 5449 5070  695 2296 5169 2305  359 3239  584 2549 4478 3424 3252 1146 4131 4383 5431 2842 2295  588 3320 1956 2670 5017 4347 2883 3677 5122 2649 5782 1517  553 3732 1413  286  896 1309 5367  517 3075 1201 1458 5214 3832 4490 5654  335 4040 4180 3530 4468 2987 4098 1873 2909 2523 5592 4441 2482 3370 3872 3185 4850 4821 1227 2941 5273 1952 2257 2414 5601 2096 4128 3770 1265 2296 4831 1608 2738 3397 4552 1769 4910 2879 4068 1900 2168 4720 3002 5243 2722 5055 1755  511  124 2739 3144 3377 3160 1255 5967 3365 5025 5867 2135  843 1699 3052 3129 3612  279 5770 2814 1505 2317 4648 1004 2557 1241  479 2489 5236 1649 1368 4357 3595 5670 4617 4190  241  330 1286 2717  423 2208 2883  123  203 1717  763 2445 5028 4090 3489  926 4091 4592 1172 1308 1108 2344  734 1860 4384  196 4760 5932 2137 5219 3497 3630 5399 5054 5137 4401 3641 1806  489 3516 4655 3718 2954 1319 2573  858 3142 5318 4620  104 1946 5768  171 5764 5321 4317 1362 5983 1166 3090 5879 4965 1533 1188 1908 1136  177 2648 1672 1530 5132 3674 2149 1023  398 4976 5210 5218  786  342 1635 4904 3254]
startmilliseconds 1646519269845
Sorted 4000 Array -  [   1    5   18   18   21   21   22   23   23   23   24   26   29   34   38   38   38   42   44   45   46   46   48   48   50   51   52   55   56   57   59   60   60   61   62   63   65   65   67   69   71   71   72   73   76   76   78   78   80   81   81   82   84   84   85   86   87   92   96   96   99  103  103  104  104  105  107  108  109  113  116  118  118  119  120  120  121  121  123  123  124  126  127  127  128  129  136  136  136  138  140  141  145  145  146  146  146  147  147  147  149  149  154  154  155  158  159  162  162  163  164  165  168  170  171  172  174  177  178  181  181  184  184  185  185  187  188  189  192  193  194  195  196  196  197  198  198  198  200  201  203  204  207  208  209  210  211  215  216  225  225  225  227  233  235  239  240  240  240  241  241  243  245  247  250  251  252  253  254  255  256  257  258  262  263  264  265  267  268  268  269  272  274  276  279  279  281  281  283  283  285  285  286  288  288  288  289  291  292  294  296  296  297  297  302  304  306  308  312  313  318  319  324  324  325  328  330  330  331  332  334  334  335  335  337  338  338  339  339  339  339  339  341  342  350  351  353  353  355  359  359  359  365  367  368  368  369  370  372  373  373  375  375  376  379  380  380  381  381  382  382  382  384  386  387  391  397  397  398  401  401  402  402  403  403  408  409  409  411  411  413  415  417  420  421  422  423  423  423  423  427  428  428  428  432  438  438  439  440  440  442  442  444  445  445  446  448  452  453  454  455  455  456  457  457  460  460  460  463  463  463  464  465  466  466  467  467  468  469  470  470  471  474  474  475  476  479  479  481  483  484  486  486  486  489  493  496  499  501  504  504  505  508  508  509  511  511  512  514  515  516  516  516  517  518  524  526  528  528  528  531  532  532  535  538  539  539  540  540  553  555  560  564  566  567  567  569  569  570  570  572  574  576  577  579  584  584  588  588  589  589  593  599  600  607  610  612  612  612  619  619  621  622  622  625  627  627  628  628  628  629  630  630  630  631  631  632  636  639  639  639  639  643  644  644  645  646  646  648  649  652  657  659  660  661  665  665  666  667  670  670  670  670  674  676  676  677  677  679  681  686  686  687  690  691  691  692  693  694  694  695  696  698  698  698  699  699  700  701  706  706  706  707  708  709  709  710  711  711  711  715  716  721  722  724  724  726  727  729  729  730  733  734  734  735  737  737  738  739  741  741  741  742  742  743  744  748  749  750  754  754  754  754  755  755  756  757  763  764  765  765  771  775  780  780  781  786  786  788  789  791  791  794  796  799  800  800  801  813  819  822  825  828  831  832  833  834  834  835  838  839  840  841  842  843  846  847  849  849  850  853  854  855  856  856  858  858  862  863  863  864  864  867  869  870  873  875  875  879  883  884  888  892  893  896  896  897  897  897  899  899  901  903  907  907  907  908  911  911  913  914  914  915  915  917  919  920  920  921  921  926  926  932  934  934  935  936  942  944  944  945  950  954  955  957  958  967  967  969  969  969  972  974  975  978  978  979  980  983  984  986  986  990  990  995 1000 1000 1000 1003 1003 1004 1004 1008 1010 1010 1011 1011 1011 1013 1013 1016 1017 1023 1026 1026 1026 1027 1028 1029 1029 1030 1035 1036 1037 1037 1039 1040 1044 1047 1048 1049 1051 1052 1054 1058 1059 1060 1060 1062 1063 1064 1066 1067 1067 1067 1068 1070 1071 1071 1073 1074 1083 1087 1089 1090 1092 1094 1096 1096 1097 1097 1097 1097 1097 1097 1098 1099 1101 1106 1106 1108 1108 1110 1111 1111 1112 1113 1114 1117 1120 1120 1121 1122 1124 1125 1127 1127 1128 1129 1133 1133 1136 1138 1138 1139 1143 1143 1144 1145 1145 1145 1146 1146 1152 1153 1155 1157 1159 1159 1162 1165 1166 1168 1169 1171 1172 1172 1173 1180 1180 1181 1186 1186 1186 1186 1188 1188 1192 1193 1194 1195 1196 1199 1199 1200 1200 1201 1202 1203 1203 1205 1207 1209 1210 1212 1212 1212 1213 1216 1220 1222 1223 1224 1225 1227 1227 1228 1229 1230 1233 1235 1236 1237 1240 1241 1244 1245 1248 1249 1252 1255 1256 1259 1261 1265 1267 1267 1270 1271 1272 1273 1273 1275 1275 1276 1276 1278 1278 1280 1283 1284 1286 1287 1288 1288 1290 1292 1293 1294 1295 1295 1296 1296 1298 1301 1305 1308 1309 1309 1310 1310 1310 1310 1310 1311 1313 1314 1315 1315 1315 1315 1319 1321 1322 1322 1323 1328 1330 1331 1332 1332 1333 1334 1334 1334 1337 1337 1338 1339 1340 1341 1342 1344 1346 1346 1348 1348 1348 1349 1349 1350 1352 1353 1358 1362 1366 1366 1367 1368 1370 1371 1371 1371 1371 1371 1373 1373 1374 1374 1376 1379 1380 1383 1385 1385 1390 1391 1391 1391 1392 1392 1393 1398 1401 1401 1401 1402 1404 1406 1409 1411 1413 1415 1416 1420 1421 1421 1421 1425 1425 1427 1427 1432 1433 1434 1437 1439 1439 1443 1448 1448 1449 1452 1453 1454 1456 1457 1457 1458 1462 1463 1464 1466 1466 1474 1474 1474 1475 1478 1480 1485 1493 1493 1494 1495 1495 1498 1499 1501 1505 1505 1506 1508 1512 1513 1513 1515 1515 1516 1517 1517 1518 1518 1518 1520 1520 1521 1521 1521 1522 1525 1525 1528 1530 1530 1530 1531 1532 1533 1536 1537 1537 1538 1540 1546 1550 1550 1551 1552 1553 1553 1556 1557 1559 1561 1562 1564 1564 1568 1573 1575 1578 1581 1583 1583 1584 1585 1585 1585 1589 1592 1596 1597 1597 1599 1603 1604 1607 1608 1608 1611 1612 1613 1614 1616 1616 1617 1618 1619 1620 1621 1622 1624 1628 1628 1629 1630 1632 1632 1633 1634 1634 1635 1637 1640 1640 1643 1643 1643 1646 1646 1646 1649 1651 1652 1653 1654 1655 1655 1656 1657 1658 1660 1660 1663 1663 1663 1664 1665 1666 1667 1668 1669 1669 1670 1671 1672 1672 1673 1674 1677 1679 1680 1680 1684 1686 1686 1687 1688 1691 1692 1694 1698 1698 1699 1700 1704 1704 1705 1706 1707 1708 1708 1708 1708 1712 1712 1717 1717 1718 1720 1723 1724 1724 1725 1728 1729 1729 1729 1732 1732 1736 1736 1737 1739 1739 1740 1740 1741 1742 1746 1749 1749 1750 1754 1755 1757 1759 1760 1760 1762 1764 1769 1771 1772 1778 1779 1780 1783 1786 1788 1788 1789 1791 1797 1798 1800 1801 1802 1804 1806 1808 1811 1812 1812 1813 1813 1816 1817 1823 1825 1826 1829 1829 1830 1832 1833 1838 1842 1847 1847 1848 1848 1849 1850 1851 1851 1851 1852 1853 1854 1855 1855 1855 1855 1856 1857 1857 1860 1860 1865 1869 1871 1872 1872 1873 1877 1878 1878 1886 1886 1889 1889 1890 1891 1893 1893 1895 1896 1898 1898 1900 1900 1903 1906 1907 1908 1910 1917 1917 1917 1918 1921 1922 1923 1925 1925 1929 1930 1931 1935 1936 1936 1938 1938 1940 1940 1943 1945 1946 1951 1952 1956 1957 1958 1959 1961 1962 1963 1964 1966 1966 1968 1968 1972 1973 1973 1975 1977 1977 1980 1980 1982 1982 1985 1985 1989 1991 1993 1993 1993 1994 1994 1994 1994 1995 1996 1998 1998 2000 2000 2001 2004 2005 2007 2008 2008 2010 2010 2013 2014 2014 2015 2016 2021 2021 2021 2026 2029 2031 2031 2033 2035 2037 2038 2039 2040 2046 2047 2048 2049 2049 2050 2050 2053 2053 2054 2055 2055 2058 2058 2059 2061 2062 2064 2065 2067 2069 2070 2072 2073 2075 2076 2076 2076 2079 2080 2080 2082 2082 2083 2086 2089 2091 2093 2094 2096 2097 2098 2102 2105 2109 2109 2114 2115 2119 2119 2121 2122 2125 2126 2128 2128 2129 2129 2130 2130 2131 2132 2134 2135 2136 2137 2140 2141 2142 2143 2144 2147 2149 2153 2153 2154 2156 2157 2158 2158 2158 2159 2160 2161 2163 2164 2165 2167 2168 2168 2173 2174 2175 2175 2180 2183 2184 2185 2186 2188 2189 2190 2190 2191 2192 2198 2198 2201 2201 2201 2203 2205 2205 2205 2206 2208 2208 2209 2209 2211 2211 2213 2218 2221 2224 2224 2224 2225 2229 2233 2235 2235 2237 2239 2240 2242 2244 2246 2249 2249 2249 2250 2251 2251 2252 2257 2258 2260 2262 2263 2269 2269 2270 2270 2274 2278 2279 2280 2282 2282 2288 2289 2289 2289 2293 2293 2295 2296 2296 2296 2300 2301 2304 2305 2305 2306 2307 2310 2312 2313 2315 2317 2317 2317 2322 2322 2329 2330 2330 2331 2332 2332 2335 2337 2337 2338 2339 2342 2344 2345 2346 2350 2350 2351 2351 2359 2359 2361 2365 2366 2369 2369 2370 2372 2373 2373 2374 2374 2375 2377 2377 2378 2379 2379 2379 2380 2381 2383 2385 2387 2387 2389 2390 2390 2391 2391 2393 2395 2395 2398 2398 2404 2405 2406 2407 2407 2408 2408 2408 2411 2414 2414 2418 2421 2424 2426 2429 2431 2431 2433 2434 2434 2435 2439 2439 2443 2445 2447 2448 2449 2450 2453 2454 2455 2455 2455 2460 2461 2462 2463 2464 2466 2466 2467 2471 2474 2474 2475 2478 2479 2479 2482 2485 2486 2486 2486 2488 2489 2497 2500 2502 2508 2509 2511 2517 2518 2521 2523 2523 2524 2526 2526 2528 2532 2533 2535 2537 2537 2545 2547 2548 2549 2551 2553 2553 2554 2555 2556 2557 2557 2558 2559 2560 2561 2562 2562 2563 2563 2565 2565 2565 2566 2567 2568 2570 2572 2573 2573 2573 2575 2576 2579 2579 2584 2584 2587 2588 2589 2590 2592 2596 2601 2604 2604 2611 2611 2616 2617 2618 2618 2619 2619 2620 2621 2623 2626 2626 2627 2627 2630 2630 2633 2633 2635 2636 2640 2643 2643 2643 2643 2648 2649 2649 2650 2652 2660 2661 2662 2665 2670 2672 2672 2673 2673 2675 2678 2679 2680 2683 2685 2686 2686 2690 2690 2691 2691 2692 2694 2696 2700 2703 2706 2706 2709 2710 2710 2710 2711 2712 2713 2714 2715 2715 2715 2716 2717 2719 2721 2721 2722 2724 2724 2727 2727 2728 2730 2730 2735 2735 2735 2736 2738 2739 2739 2741 2741 2742 2743 2744 2744 2746 2748 2750 2755 2755 2755 2756 2757 2759 2759 2759 2761 2761 2765 2766 2768 2770 2776 2777 2782 2783 2784 2785 2785 2785 2786 2791 2791 2793 2794 2796 2797 2802 2803 2804 2805 2806 2807 2808 2813 2814 2815 2815 2816 2817 2818 2818 2819 2819 2820 2822 2824 2827 2829 2829 2830 2833 2834 2834 2837 2837 2838 2842 2842 2843 2846 2847 2847 2848 2849 2850 2854 2855 2857 2859 2862 2864 2865 2865 2866 2868 2874 2874 2875 2878 2879 2879 2879 2879 2880 2883 2883 2884 2887 2887 2888 2889 2891 2893 2897 2900 2901 2903 2904 2904 2906 2908 2909 2909 2910 2910 2911 2918 2918 2921 2925 2928 2929 2929 2929 2931 2931 2933 2936 2937 2938 2939 2940 2941 2942 2944 2945 2949 2951 2954 2954 2956 2956 2957 2958 2958 2959 2960 2960 2965 2966 2966 2969 2970 2970 2971 2974 2975 2976 2979 2980 2982 2986 2987 2987 2989 2990 2992 2993 2997 2997 3000 3000 3001 3002 3002 3002 3002 3006 3007 3008 3010 3011 3011 3011 3013 3016 3019 3019 3020 3020 3021 3023 3026 3027 3028 3029 3031 3035 3036 3036 3039 3039 3040 3040 3048 3052 3052 3053 3053 3055 3058 3058 3061 3065 3065 3067 3067 3067 3074 3075 3076 3077 3081 3082 3085 3088 3088 3089 3089 3090 3092 3096 3096 3097 3101 3101 3103 3104 3107 3108 3109 3110 3117 3120 3122 3123 3125 3126 3127 3128 3129 3129 3131 3131 3132 3134 3138 3142 3144 3149 3152 3154 3155 3155 3156 3157 3160 3161 3162 3162 3166 3173 3174 3178 3180 3180 3184 3185 3187 3187 3187 3189 3190 3192 3193 3195 3197 3199 3199 3200 3202 3202 3203 3203 3203 3208 3208 3210 3217 3218 3223 3224 3224 3226 3227 3227 3227 3229 3231 3231 3232 3236 3236 3236 3237 3239 3239 3239 3241 3245 3247 3248 3249 3252 3254 3254 3256 3258 3258 3260 3260 3260 3261 3269 3275 3277 3280 3281 3282 3283 3283 3284 3284 3286 3286 3286 3288 3288 3291 3291 3293 3293 3297 3300 3300 3300 3300 3301 3301 3305 3305 3307 3308 3309 3309 3311 3311 3312 3313 3313 3316 3320 3320 3320 3322 3326 3327 3330 3331 3333 3334 3336 3336 3338 3339 3341 3342 3342 3343 3347 3347 3347 3353 3355 3357 3359 3361 3362 3362 3365 3365 3366 3370 3370 3372 3374 3375 3376 3377 3378 3378 3379 3380 3380 3381 3383 3384 3387 3391 3392 3394 3395 3397 3400 3401 3401 3402 3402 3404 3405 3409 3409 3412 3412 3414 3415 3416 3417 3419 3424 3424 3425 3425 3425 3429 3429 3431 3432 3434 3436 3437 3437 3438 3441 3442 3446 3450 3452 3452 3452 3453 3454 3456 3457 3457 3458 3466 3466 3466 3468 3468 3470 3470 3471 3471 3471 3472 3472 3477 3478 3478 3481 3483 3483 3483 3484 3486 3486 3486 3489 3490 3491 3492 3495 3495 3496 3496 3497 3498 3500 3500 3503 3505 3507 3507 3508 3508 3510 3511 3512 3515 3516 3520 3521 3525 3527 3527 3528 3529 3530 3530 3530 3532 3535 3537 3537 3539 3541 3544 3544 3549 3552 3552 3553 3557 3557 3561 3561 3562 3562 3566 3567 3568 3571 3572 3573 3575 3577 3581 3585 3585 3589 3589 3590 3591 3592 3595 3596 3597 3601 3603 3605 3608 3611 3612 3613 3614 3615 3615 3617 3618 3619 3621 3623 3625 3625 3626 3628 3630 3633 3636 3637 3640 3641 3641 3643 3643 3647 3650 3650 3653 3654 3656 3658 3659 3662 3664 3665 3665 3666 3669 3674 3674 3675 3676 3676 3677 3678 3681 3681 3684 3685 3687 3687 3689 3689 3690 3690 3691 3695 3695 3698 3699 3705 3706 3706 3708 3712 3715 3717 3718 3719 3719 3721 3721 3721 3724 3726 3727 3729 3729 3732 3732 3734 3734 3734 3735 3736 3743 3743 3747 3753 3758 3759 3761 3763 3764 3766 3767 3767 3767 3767 3769 3770 3771 3778 3785 3789 3791 3793 3794 3794 3796 3796 3796 3797 3797 3800 3802 3802 3802 3803 3804 3805 3806 3807 3808 3809 3809 3811 3813 3813 3813 3821 3823 3824 3825 3825 3826 3828 3828 3829 3830 3832 3832 3833 3835 3839 3839 3840 3843 3844 3846 3849 3850 3850 3850 3851 3851 3851 3853 3854 3858 3862 3863 3864 3864 3864 3865 3866 3869 3869 3869 3872 3873 3873 3873 3874 3876 3876 3878 3878 3879 3881 3881 3883 3884 3885 3886 3886 3886 3888 3889 3890 3890 3893 3895 3896 3896 3899 3899 3899 3900 3905 3911 3912 3914 3915 3916 3917 3917 3919 3920 3922 3924 3927 3929 3930 3932 3932 3933 3934 3935 3935 3942 3944 3947 3949 3951 3953 3953 3956 3958 3959 3962 3962 3964 3964 3967 3967 3969 3972 3973 3973 3973 3973 3977 3977 3979 3979 3979 3981 3982 3983 3987 3988 3993 3997 3998 3998 3999 4002 4002 4008 4008 4008 4009 4011 4013 4016 4018 4019 4020 4023 4023 4025 4029 4030 4031 4031 4031 4032 4033 4033 4034 4034 4035 4036 4036 4037 4039 4040 4040 4041 4046 4053 4054 4054 4055 4058 4058 4059 4059 4062 4062 4063 4063 4064 4064 4065 4067 4068 4070 4071 4071 4075 4076 4080 4081 4090 4091 4094 4097 4097 4098 4098 4099 4106 4106 4109 4110 4110 4110 4114 4114 4115 4115 4116 4116 4116 4117 4117 4119 4123 4125 4127 4128 4128 4131 4132 4133 4134 4134 4135 4137 4137 4137 4142 4144 4144 4145 4148 4149 4152 4155 4157 4160 4162 4162 4162 4165 4170 4170 4171 4171 4180 4181 4186 4186 4187 4187 4188 4190 4196 4202 4203 4207 4210 4212 4214 4215 4216 4216 4217 4222 4223 4224 4229 4229 4233 4234 4234 4234 4235 4239 4241 4243 4249 4249 4251 4254 4255 4255 4255 4255 4258 4258 4259 4265 4266 4267 4268 4268 4268 4268 4270 4271 4277 4279 4279 4279 4280 4282 4282 4283 4286 4288 4290 4290 4291 4296 4297 4299 4302 4304 4304 4307 4309 4309 4310 4312 4314 4314 4315 4316 4317 4318 4318 4319 4320 4322 4324 4326 4328 4330 4332 4338 4341 4342 4342 4345 4347 4347 4347 4348 4349 4350 4352 4354 4354 4357 4361 4363 4365 4367 4371 4372 4378 4378 4380 4381 4381 4381 4382 4383 4383 4384 4385 4386 4387 4388 4390 4393 4395 4397 4397 4400 4401 4402 4405 4405 4407 4409 4411 4413 4413 4414 4415 4416 4417 4417 4418 4419 4421 4421 4422 4423 4423 4423 4424 4425 4425 4426 4428 4430 4431 4436 4440 4441 4441 4445 4445 4447 4449 4451 4453 4458 4459 4462 4463 4465 4466 4466 4466 4468 4470 4470 4470 4471 4471 4473 4475 4477 4477 4478 4479 4483 4486 4490 4494 4498 4499 4499 4505 4509 4509 4511 4512 4520 4520 4521 4521 4522 4525 4526 4526 4526 4526 4527 4527 4529 4533 4536 4537 4543 4543 4544 4545 4546 4546 4550 4551 4552 4553 4554 4555 4557 4557 4557 4558 4558 4560 4560 4562 4563 4564 4568 4569 4571 4572 4573 4574 4574 4575 4576 4577 4577 4578 4579 4581 4583 4584 4589 4592 4592 4593 4594 4599 4600 4600 4601 4604 4607 4608 4608 4610 4613 4614 4615 4617 4618 4619 4620 4622 4622 4623 4631 4632 4633 4636 4638 4642 4643 4644 4645 4646 4648 4652 4652 4652 4654 4655 4656 4657 4657 4664 4664 4665 4666 4667 4667 4668 4669 4669 4671 4671 4675 4676 4676 4681 4682 4682 4684 4688 4690 4695 4699 4700 4700 4704 4707 4707 4708 4708 4710 4712 4716 4716 4717 4718 4718 4718 4720 4720 4721 4725 4728 4728 4729 4729 4729 4733 4736 4736 4736 4739 4739 4739 4742 4742 4743 4743 4745 4748 4749 4750 4752 4754 4756 4757 4758 4758 4758 4760 4760 4761 4768 4768 4769 4775 4775 4776 4777 4778 4780 4782 4785 4785 4787 4789 4792 4794 4794 4795 4796 4796 4796 4797 4802 4805 4809 4809 4814 4814 4817 4818 4820 4821 4823 4826 4829 4830 4830 4830 4831 4832 4832 4833 4834 4836 4844 4844 4847 4850 4850 4852 4854 4855 4856 4858 4859 4860 4860 4861 4862 4864 4864 4866 4867 4867 4870 4872 4873 4874 4874 4877 4879 4881 4881 4883 4888 4891 4892 4893 4895 4895 4895 4895 4896 4897 4899 4900 4903 4903 4904 4904 4907 4907 4908 4909 4910 4910 4910 4912 4914 4917 4918 4918 4918 4921 4922 4924 4927 4929 4930 4931 4932 4935 4936 4936 4939 4941 4942 4943 4945 4946 4951 4951 4952 4953 4954 4955 4956 4962 4964 4964 4965 4967 4970 4971 4971 4973 4976 4976 4976 4977 4977 4977 4978 4979 4983 4983 4983 4984 4985 4990 4990 4992 4994 4994 4995 4999 5000 5001 5005 5005 5005 5007 5009 5011 5012 5014 5015 5017 5017 5018 5020 5021 5022 5023 5024 5025 5025 5025 5026 5026 5026 5027 5027 5027 5028 5028 5029 5030 5030 5031 5032 5032 5032 5035 5036 5039 5040 5040 5042 5042 5046 5052 5052 5054 5054 5055 5056 5061 5065 5066 5070 5072 5072 5077 5079 5081 5082 5086 5091 5092 5094 5095 5097 5104 5109 5119 5120 5120 5120 5121 5122 5124 5125 5132 5133 5137 5138 5138 5141 5143 5144 5145 5145 5145 5146 5148 5150 5153 5156 5156 5157 5162 5162 5162 5164 5164 5166 5167 5167 5168 5169 5169 5172 5174 5177 5179 5179 5180 5181 5181 5182 5186 5188 5190 5190 5191 5193 5194 5197 5198 5199 5201 5203 5203 5210 5210 5210 5211 5211 5211 5214 5217 5217 5218 5219 5219 5220 5220 5221 5223 5223 5225 5228 5229 5230 5231 5231 5232 5232 5232 5234 5236 5236 5236 5239 5239 5239 5241 5241 5243 5243 5244 5245 5247 5248 5252 5252 5257 5258 5258 5259 5260 5261 5262 5266 5267 5267 5270 5270 5272 5273 5273 5273 5274 5274 5275 5277 5278 5278 5279 5281 5282 5283 5283 5286 5286 5288 5292 5292 5295 5298 5299 5299 5299 5300 5301 5301 5303 5304 5306 5312 5313 5313 5313 5314 5315 5316 5316 5318 5321 5322 5324 5325 5325 5327 5331 5332 5332 5334 5334 5335 5342 5344 5347 5348 5351 5355 5356 5357 5358 5359 5360 5360 5361 5362 5363 5363 5363 5364 5367 5370 5371 5376 5376 5376 5378 5378 5379 5380 5381 5384 5384 5386 5391 5392 5394 5395 5395 5396 5399 5400 5405 5408 5411 5411 5412 5415 5416 5416 5416 5416 5417 5418 5418 5419 5420 5421 5421 5423 5426 5426 5430 5431 5433 5434 5435 5435 5436 5436 5437 5437 5438 5439 5439 5440 5442 5443 5446 5446 5449 5449 5453 5454 5454 5455 5457 5458 5460 5460 5464 5466 5466 5467 5468 5468 5470 5471 5473 5475 5476 5476 5477 5477 5478 5479 5481 5483 5483 5484 5484 5485 5486 5488 5488 5490 5497 5497 5498 5501 5502 5503 5507 5508 5509 5509 5509 5509 5510 5511 5512 5513 5515 5516 5517 5519 5521 5521 5521 5522 5523 5524 5526 5530 5531 5533 5533 5536 5536 5537 5538 5539 5540 5540 5540 5541 5541 5541 5543 5544 5545 5545 5548 5550 5555 5556 5556 5556 5557 5558 5560 5560 5562 5562 5565 5567 5568 5569 5573 5577 5588 5588 5588 5590 5590 5592 5593 5594 5595 5599 5600 5601 5601 5601 5604 5606 5607 5609 5611 5613 5615 5617 5618 5619 5625 5625 5627 5628 5628 5629 5630 5630 5631 5631 5632 5634 5634 5637 5637 5637 5639 5640 5646 5647 5649 5651 5654 5654 5654 5655 5656 5656 5656 5657 5661 5662 5664 5667 5668 5669 5670 5670 5672 5672 5673 5674 5675 5676 5679 5681 5683 5684 5685 5688 5688 5689 5689 5692 5694 5698 5702 5703 5706 5707 5707 5707 5707 5707 5709 5710 5711 5712 5714 5716 5717 5717 5723 5726 5726 5728 5728 5730 5732 5733 5735 5737 5740 5740 5741 5741 5744 5744 5744 5745 5747 5750 5751 5757 5757 5758 5758 5759 5760 5761 5762 5763 5764 5764 5764 5767 5768 5769 5769 5769 5770 5770 5770 5771 5771 5773 5773 5774 5774 5775 5775 5775 5775 5776 5777 5779 5781 5781 5782 5785 5789 5791 5791 5792 5792 5792 5797 5799 5799 5799 5799 5800 5800 5805 5807 5810 5811 5812 5814 5815 5816 5818 5818 5820 5820 5823 5823 5826 5826 5834 5837 5840 5840 5845 5846 5848 5849 5850 5851 5852 5853 5854 5855 5858 5859 5860 5860 5863 5867 5868 5868 5873 5873 5874 5874 5875 5875 5875 5876 5877 5877 5877 5879 5881 5884 5885 5887 5888 5892 5892 5893 5894 5895 5895 5897 5898 5899 5901 5902 5903 5904 5905 5905 5906 5911 5911 5912 5915 5916 5917 5918 5921 5921 5922 5923 5927 5929 5929 5930 5930 5931 5931 5932 5934 5936 5936 5939 5940 5940 5940 5942 5944 5945 5946 5947 5951 5953 5953 5954 5955 5957 5958 5959 5964 5964 5965 5967 5967 5968 5970 5976 5976 5977 5979 5979 5980 5981 5983 5983 5985 5991 5994 5996 5996 5997 5997 5999 5999]
endmilliseconds4000 1646519269926
Total time to sort 4000 elements 81
--------------------------------------------------------------------------------------------
Total time to sort 20 elements 0
Total time to sort 100 elements 0
Total time to sort 1000 elements 20
Total time to sort 4000 elements 81

Process finished with exit code 0
