Sorted array - [4936 1494  380 5724 4356 4882 5466 5706  464 2477 5659 5885 2735 1609 5931 5927 5566  739 2626 1240]
startmilliseconds20 1646519254154
Sorted array - [ 380  464  739 1240 1494 1609 2477 2626 2735 4356 4882 4936 5466 5566 5659 5706 5724 5885 5927 5931]
endmilliseconds20 1646519254154
Total time to sort 20 elements 0
--------------------------------------------------------------------------------------------
Sorted array - [5853 5353  651 3584 3562 4126 4401 1985 3846 3631 1326 2085 3654 1780  348  496 4346 3212 5751  677 2181  230 1497 2770 1492 5151 2224 4860 4812 1245 4137 4511 4331 2131 4565 2769  682 1306 3425 5894  973  318 2623 2443 5764 4132  864 5610 4379 1190  330 5108 2524 3225 4441  507 3640  934 5766 4119  414 1801 1377  285 4900 1655 5188 4246 1439 4621 2670 5572 3638  337 4832 2495 3794 1937 4890 4432 3228 4174 2451 5167 1644  271 1280 2799 3336 1250   78 4880 5486 2678 5315 1694 5431 5826 2019 4875]
startmilliseconds100 1646519254154
Sorted array - [  78  230  271  285  318  330  337  348  414  496  507  651  677  682  864  934  973 1190 1245 1250 1280 1306 1326 1377 1439 1492 1497 1644 1655 1694 1780 1801 1937 1985 2019 2085 2131 2181 2224 2443 2451 2495 2524 2623 2670 2678 2769 2770 2799 3212 3225 3228 3336 3425 3562 3584 3631 3638 3640 3654 3794 3846 4119 4126 4132 4137 4174 4246 4331 4346 4379 4401 4432 4441 4511 4565 4621 4812 4832 4860 4875 4880 4890 4900 5108 5151 5167 5188 5315 5353 5431 5486 5572 5610 5751 5764 5766 5826 5853 5894]
endmilliseconds100 1646519254154
Total time to sort 100 elements 0
--------------------------------------------------------------------------------------------
Sorted array - [4602 5104 3928 1472  325 5955 5915 4740 4671  377 5877 4399 3319 3840 3912  912 1053 3770 2755 1123 2231 3002 2744 3775 2462 4762 5321  433 1040 2977 3033 5642   83 2889 4452 2507 3837 2294 1159 3238    3 4869 4490 1499 3142 1235 4103 4370  848 4949 1912 2633 3747  673  586 3289 3033   63 4727 3900   75 2399 5565 4087   54  267 3869   75 5975 5640 3964  371 2314 1115 1408  987  763 1622  374  376 3777 2841 2927 3187 4686 5865 3002 1941  411 1277  352 2886 4910 3993 2173 1362 2222 3815 4849 1412 2150 4722 4963 5749 4131 3317 5851  544 3864 1925 3883 2512 4446 5721 4852 5750 3913 2405 2600 4597  513 5792  839 1520 3001   47 2304 2881 3814 2711 3987 4003 3679 1700 5342 1281 3158  989 5626 2799  322 4772 1534 2016 2044 3366 2814  928 2324 2105 5405 2701 5121 4545 3061 5290 2972  204  538  590 4818 2987 5971 4840 3413 5269 2725 3015 1159  352 5249  387 4605 2756  842 4204 3298 5363 5641 1026 3406 2447 2015 2256 3499 5511 1571 4185  554 4791 5838 4049  283 5776  648 2680 5307 4489 5321 5151 3879 1208 1618 2513 1584 1516 3172 3777 3087  644 1707  258  514 1524 3516 3381 1716 4102 3799 4946  490 2383 1844 1235 1249 5708 5570 3275 2141 2538 2129 2992 2876 4342  292  436 3018 5346 1961 3562  141 1619 5008  949  446 3068  583 4766 2725 5334 5588 2272  606 3370 4577 1649  650 4501 5335 1807 1620 5379 2492 5952 2246 1416  239 1550 1760 5465 1617 1180 3468 2044 5177 5641 5477 4444 4862  453 4558 5093 2063 1197 3894 4072  392 3571 4022 1153 1782 2739 4057 3981 4706 4764 1568 4196 1745 3207 5881 4437  530 3850 2942 4169  332 3146 1543 2924 4297 3503 5007 3335 2048 1622 2255 5326 1370 2924 3480 4505 1713 2673 2279 1357 3086 4615 4551 1623 2332 5580 1798 4955 3454 4809 4841 4037 2328 5972 1961 2577 5364 4628 2217  467 5764 2512 5185 3453 5041 2550 5176 5386 1137 2156 1570 2465 5169 4872 3121 4435 4416 1888  311 2343 3233 2568 2983 5561 5000  971 2419 3781 4229  908 4111 5244 1695 2047 3689 5755 4630 1783 4359 1340  727 5413 4062 1758 3643 5351 5704 5255 1336 5935 1719 3237 4284 1387 2173 3104  954 2423 1301 1745 3739 5677 4483 3805 3687 2833 3602  101 3623 5648 5595  472  788 4838 2773 5654  655 3668  986 5142 3739 2071 4330 5749 2577 3506  395 2547 2278 3627 1719 4736 1316 1200 1129 4527 5780 2624 3843  877 3508  479 2715   72 2204  615 4176 4434 4261 2840   88 3540 5299 5186 1726 3263 3679 4731 1953 2371 3109 4238 5207 2223 2795 2734 1698 3972  258 1688 3278 2390 1573  950 3291  797  658 5370 4440 2664 3795 5241 2569 2323  919 4614 1951 5968 2851 1056 1796  746 4517 5770 2379 3797 2451 5971 1070 3773 3154 2737 4550 2334  433 2223 3152 3182 1679 1356 2577 4314 4196 1889 2593 3619 4322 1546 4741 2328 2592  471 1557 4155 4096 1289  909  135 3356  199 3191 1153 5941 2858 5472 1030 1939 1971 2105 2744 2110  222 2972 5415 4042 1151 2210 3270 1789 2541 1786 4017 3195 5011 2935 3578  499 1190 4929  903 5253  920  735 3774 1494 4007 4452 1142 3103 1522 3378 1783 1524 3695 3181 2090 2612 4365 3904 3161 4638  546 4600  447 2171 5510 2765  703 2259 3894 1811 2765 1392 3178 2255 1446 5787 5552 2803 4411 1265 2981 2178 4970 2482 2637 3975 1246  157 3193 3450 5287 2914 3051 2463  486 5362 2177 3564  869 2860 4253 2088 1191 5906  597 2011 2975  798 1552 1377 5563  323  799 4948 2966 5453  698 4537 2760 4493 5317 5127 4956 4932 3911 4948 1041  257 1116 4466 1840 3461 1951 2315 4413 1143 5502 2080  905 3097  559 2741  472 5785 2851 2361 3839 2722 3931 2454 2404 1674 2591 2232 5828 2983  980 2796 5061 5226 2146 1227 3011  962  333 3324 1085 4168  251 1798 5031 2933 5931 1814  875 1135  306 3932 4147 2267 5779 1208 1436 2937 4523 4869 2418  681 5675  360 3733 2115 5094 5007 1491  302 2903 3752 1114 4461 5823 2066    8 4413 5934  552 3607 5364 2144 5361 3381  499 1252 4894 2902 5296 5230 2644 4535 5988 4207 1914 4249 1138 1729 3094 4086 3905 2830 1154 4115 5284 2614 1510 4037 1346 4565 2679 2736 5530 3576 3881 2871 3589 5323 3161 4471 3103 3189  553 1753 1159 5376 1872 3801  185 4645 4759 2753 4869 3933 5207 1029 5997 2306  466 3646 2089  240 3266 4876 1518 4559 5197 4336  103 2783 5382 2759 4467 4183 5576  556 1389  864 5666 4851 4911 2640 3646  576 3660 1561 1640 5880 5737   47  591 1729 3665 4904  415 2764 4790  184 3689 3825 1565 3374 3383   86 5555 5130 5322 1950  846 5212 4674  340  849  385  622 3859 2038 3102 2769 3189 5675 5812 3740 1900  918  776 4291 3152 4959  757 2903 3558 4669 4910  202 2256 5177 1421 2310  699 4409 3438 5504 1951 1889 4717   90 2307 1689 5022 4959 1823  619 5608  252  402  544 4519 5754 1875 2193 4639 2084 5496  307 3183 1488 4206  198 2390 5770 5780  446 1062 5241 1108 1402  275 2209 3711 4082 2583 3412 2033 4234 2448 4084 1012 5485 1254 5854 4035  215 2049 3676 2038 2736 3636 1559 4424 5705 3987 4241 5940 1988 1575 1536 2691 4617  379  227 1388 4720  758 5189 2321 4968 1921 3872 4345 3075 1071 2962 1680 5922 1287 4472 1425 3898  333 2718 2551 2678 4517 2473   35 1367 4408 4330 1939  838 3226 2397 2954 2410 1305    5 2275 4160 3474 5862 5638 5957  854 5397 3832 3532 1459 1256  861  747   99 2090 1776 3339 5350]
startmilliseconds 1646519254194
Sorted array - [   3    5    8   35   47   47   54   63   72   75   75   83   86   88   90   99  101  103  135  141  157  184  185  198  199  202  204  215  222  227  239  240  251  252  257  258  258  267  275  283  292  302  306  307  311  322  323  325  332  333  333  340  352  352  360  371  374  376  377  379  385  387  392  395  402  411  415  433  433  436  446  446  447  453  466  467  471  472  472  479  486  490  499  499  513  514  530  538  544  544  546  552  553  554  556  559  576  583  586  590  591  597  606  615  619  622  644  648  650  655  658  673  681  698  699  703  727  735  746  747  757  758  763  776  788  797  798  799  838  839  842  846  848  849  854  861  864  869  875  877  903  905  908  909  912  918  919  920  928  949  950  954  962  971  980  986  987  989 1012 1026 1029 1030 1040 1041 1053 1056 1062 1070 1071 1085 1108 1114 1115 1116 1123 1129 1135 1137 1138 1142 1143 1151 1153 1153 1154 1159 1159 1159 1180 1190 1191 1197 1200 1208 1208 1227 1235 1235 1246 1249 1252 1254 1256 1265 1277 1281 1287 1289 1301 1305 1316 1336 1340 1346 1356 1357 1362 1367 1370 1377 1387 1388 1389 1392 1402 1408 1412 1416 1421 1425 1436 1446 1459 1472 1488 1491 1494 1499 1510 1516 1518 1520 1522 1524 1524 1534 1536 1543 1546 1550 1552 1557 1559 1561 1565 1568 1570 1571 1573 1575 1584 1617 1618 1619 1620 1622 1622 1623 1640 1649 1674 1679 1680 1688 1689 1695 1698 1700 1707 1713 1716 1719 1719 1726 1729 1729 1745 1745 1753 1758 1760 1776 1782 1783 1783 1786 1789 1796 1798 1798 1807 1811 1814 1823 1840 1844 1872 1875 1888 1889 1889 1900 1912 1914 1921 1925 1939 1939 1941 1950 1951 1951 1951 1953 1961 1961 1971 1988 2011 2015 2016 2033 2038 2038 2044 2044 2047 2048 2049 2063 2066 2071 2080 2084 2088 2089 2090 2090 2105 2105 2110 2115 2129 2141 2144 2146 2150 2156 2171 2173 2173 2177 2178 2193 2204 2209 2210 2217 2222 2223 2223 2231 2232 2246 2255 2255 2256 2256 2259 2267 2272 2275 2278 2279 2294 2304 2306 2307 2310 2314 2315 2321 2323 2324 2328 2328 2332 2334 2343 2361 2371 2379 2383 2390 2390 2397 2399 2404 2405 2410 2418 2419 2423 2447 2448 2451 2454 2462 2463 2465 2473 2482 2492 2507 2512 2512 2513 2538 2541 2547 2550 2551 2568 2569 2577 2577 2577 2583 2591 2592 2593 2600 2612 2614 2624 2633 2637 2640 2644 2664 2673 2678 2679 2680 2691 2701 2711 2715 2718 2722 2725 2725 2734 2736 2736 2737 2739 2741 2744 2744 2753 2755 2756 2759 2760 2764 2765 2765 2769 2773 2783 2795 2796 2799 2803 2814 2830 2833 2840 2841 2851 2851 2858 2860 2871 2876 2881 2886 2889 2902 2903 2903 2914 2924 2924 2927 2933 2935 2937 2942 2954 2962 2966 2972 2972 2975 2977 2981 2983 2983 2987 2992 3001 3002 3002 3011 3015 3018 3033 3033 3051 3061 3068 3075 3086 3087 3094 3097 3102 3103 3103 3104 3109 3121 3142 3146 3152 3152 3154 3158 3161 3161 3172 3178 3181 3182 3183 3187 3189 3189 3191 3193 3195 3207 3226 3233 3237 3238 3263 3266 3270 3275 3278 3289 3291 3298 3317 3319 3324 3335 3339 3356 3366 3370 3374 3378 3381 3381 3383 3406 3412 3413 3438 3450 3453 3454 3461 3468 3474 3480 3499 3503 3506 3508 3516 3532 3540 3558 3562 3564 3571 3576 3578 3589 3602 3607 3619 3623 3627 3636 3643 3646 3646 3660 3665 3668 3676 3679 3679 3687 3689 3689 3695 3711 3733 3739 3739 3740 3747 3752 3770 3773 3774 3775 3777 3777 3781 3795 3797 3799 3801 3805 3814 3815 3825 3832 3837 3839 3840 3843 3850 3859 3864 3869 3872 3879 3881 3883 3894 3894 3898 3900 3904 3905 3911 3912 3913 3928 3931 3932 3933 3964 3972 3975 3981 3987 3987 3993 4003 4007 4017 4022 4035 4037 4037 4042 4049 4057 4062 4072 4082 4084 4086 4087 4096 4102 4103 4111 4115 4131 4147 4155 4160 4168 4169 4176 4183 4185 4196 4196 4204 4206 4207 4229 4234 4238 4241 4249 4253 4261 4284 4291 4297 4314 4322 4330 4330 4336 4342 4345 4359 4365 4370 4399 4408 4409 4411 4413 4413 4416 4424 4434 4435 4437 4440 4444 4446 4452 4452 4461 4466 4467 4471 4472 4483 4489 4490 4493 4501 4505 4517 4517 4519 4523 4527 4535 4537 4545 4550 4551 4558 4559 4565 4577 4597 4600 4602 4605 4614 4615 4617 4628 4630 4638 4639 4645 4669 4671 4674 4686 4706 4717 4720 4722 4727 4731 4736 4740 4741 4759 4762 4764 4766 4772 4790 4791 4809 4818 4838 4840 4841 4849 4851 4852 4862 4869 4869 4869 4872 4876 4894 4904 4910 4910 4911 4929 4932 4946 4948 4948 4949 4955 4956 4959 4959 4963 4968 4970 5000 5007 5007 5008 5011 5022 5031 5041 5061 5093 5094 5104 5121 5127 5130 5142 5151 5169 5176 5177 5177 5185 5186 5189 5197 5207 5207 5212 5226 5230 5241 5241 5244 5249 5253 5255 5269 5284 5287 5290 5296 5299 5307 5317 5321 5321 5322 5323 5326 5334 5335 5342 5346 5350 5351 5361 5362 5363 5364 5364 5370 5376 5379 5382 5386 5397 5405 5413 5415 5453 5465 5472 5477 5485 5496 5502 5504 5510 5511 5530 5552 5555 5561 5563 5565 5570 5576 5580 5588 5595 5608 5626 5638 5640 5641 5641 5642 5648 5654 5666 5675 5675 5677 5704 5705 5708 5721 5737 5749 5749 5750 5754 5755 5764 5770 5770 5776 5779 5780 5780 5785 5787 5792 5812 5823 5828 5838 5851 5854 5862 5865 5877 5880 5881 5906 5915 5922 5931 5934 5935 5940 5941 5952 5955 5957 5968 5971 5971 5972 5975 5988 5997]
endmilliseconds1000 1646519254215
Total time to sort 1000 elements 21
--------------------------------------------------------------------------------------------
Sorted array - [4477 1369 3945 5094 3435  310 3989 3094 2709 5143 1313 2773 5239 3049 4920 2302 3295 1777   11 2361 1828   61  710 1448 4880 2490 4759 4191 3802 1938  370 3387  278  943 4650 2863 3784 5892 1635 2841 2621 4038 2496 5991  337  706 2146 2079 1595 1477  661 3962 3910 5099 5522  360 4787 4997 5387 3975 4067 1173 3465 4260 3843 2569   45  698 3548 1574 1278 2205 5280 5462 2116 3983 3830 2198 5698 2166 3748 1263   47 5528 2133 2511  579 5376 2332 2152   46 1680 3205 3774 5632 4226 3129 3161  796  607 1859 1739 2099 5468 2518 2492 5610  222 4249 4362 3309 5015 3372  486 1009 3008 3028 4787 3854 1977 2279 3531 3424 1448 3456 3726 2184 1666 1434 1657  339 1847 3093 5208 4675  309  562   32 2864 3607 1899 2867 4287 3486 3376 3189 1974 3807 5218 1422 4382 3151 3999 4165 1793 3459 2458 4726 4673 2992 5557 3863 1455 3723  616 3498 1082 4421 3435 4174 5476 2914 3565 4348  935 1818 2495  280 3238 2329 4103  624 3661  364 4806 3614 2254 2511 3995 1486 4301 4957 4367 4578 2750 2377 1191 5138 2867 1897 4751 3383  621 5696 3367 4500 4368 3462 4583 2186  168 1501 3952 1388 3890 3279 4693 5516 1273 3927 4549 3504 3502  173 1461 1659 5653 5839  777 5746 2136 4457  854 4098 2188 3973 4853 2202 4905  446 5637 1784 4041 1284 5137  853 2303  942 4720  763  630 1145  383 1719 4729 2661 4037 2968 4393 5052 5833 4953 1540 1245  839 5680 4830 5860 4630 2130 2506 3241 3882 3145 3889 1744 3463  475 4468  836 3485  758 5791 1348  823 2465 4138 5238 3764 3072 3553 5526 3885 4394 3751 1405  456 2590  736 3019 5688 4643 2242 3611  106  954 4090 3208 1096  658 5455 2551 1731 3976 3406 4655 3725 1478 2511 2683  713 2502 5467    8  271 5698  543 3568 2465 2269 2240 1119 1914 5173 1320 5631 4056   73 2960 2316 3187 2765  977 5781  939 5376 4790 3273  967 5030  210 3465 1887  928 2317 2196 2378 5327  164 1953 5876 4279 3848 3486 3726  380 4423 1592 5930 5230 2259 4940  723 5451 1855 5913 4320 4319 3395 1002 4721 4285 3400  776  649 3192 4490 1610 3191 3322 4969 4594 5233 5299 1419  426 4915 5443 5961 5811 3405 4562 4938 4324 1010  850 2065  955 1099  390 1993 1313  737 3615 2024 2311 2989 4157 3157 3647 4068 5017 2811 5411 4401 1822 5523 4768 4174 4035 3110 3923  312 2963  891 1623 2073  394 5123 3565 4139  319 4692 1911 4578  706 22184528 3060 4369 4959 3316 3411 2319 3318 5378 2672 4143 1880 2878 2870 4041 3834 3966 3215 4681 3908 2144 3673 1022  960 1461 3711 5343 4864 4377 3241 2399 3535 2858  895 4720 1344 2172 2417 5987 5731 3271 3389 2956 3700 3974 4883  510 5652  127 5701 3754 3650 2501 5248 1262 2289 5134 1401 2943  207 2965  224  491 1843 2948 1611 1752 4667  997 2134 3794  906 1521 36181666  900  158  441  396 5751  117 5523 2567  195 2072 2069 2958 1848 4140 5830 1681 4026 2413 2758 4999 2740 4698 4422 3616 2499 3874 1027 3107 2179 1832 5306  932 5461 4156 2681 1514  378 4556 1955 3362 1009 3570  753 3866 5087  645  137 4806  832 2998 4829 5694 3606 3836 4015 4899 1292 2232 5924 1341  754  209 4730 2039 2537 3461 3134 3570 1640 4330 4889 5474 1463 3129  296  424 1433 5476  294 5333 2063 3706   24 1015  432 3054 3467 2995 5961  293 1456 3413 4706 3845 3249 1759  242 2436 1177 1911 5646 5388 1938  913 1457 3714 1357 5976 4513 4964  253 5713 4940 3427 5209 2984 1288 1321 3871 5416 1047  507   58 3629 1919 1149 1725 3301 5827 1820 2649 5113 4919 1499 1402 1758  750 2176 3347 3692 5946 4148  396 4112 1331 3228 4705  654 3934 1374 2065 5532 5382 1730 1138  632 5905 3418 4195 1769  490 5461   73  250 4678 3179 2246 1361 3018  164 4694 1034 5831 5251 4207 3292 3808 4177 1961 3532 5899  619 2188 2825 5181 1013 2891 5945 4900 3714 1827 2715  365 5061 2383  952  986 1594 2535 4723   24 5075 4945 5008 5417 4799 5183 1221 2946  461 3808 3929 2837 5672  198 3485  901 5462 3258 1407 4869 4544 5548 1278 4275 5484  252 3242 1443 2843 1157 4980 1382 2519  141 1626 5828 2264 5504 5618 4102 1734 3332 2589 3958 2549 5006 3595 1644 2414 1653  514 4350 2123  927 5726 3402 5025 2158 2763 5021 3939 2623 4372 2310  570  525 3103 3089 5725 2255 4536  829 1537 5448 1580  703 5617 2173 5507 4590 1586 2003 3730 4970 3800  510 2327 2628 3197 3385 5889 1230 3763 1926 4060  487 1543 4552 3092 1621 4689 5876 1020 1603  105 5410  315 2503 3010  367 1833 5281 2329 3021 4017 2401 5779   35 1218 4987 5815 4390 2160 2687 2330 5996 2377  956 5223 3705 3047 3972 5995 2180 5475 4923 4998 1531 3063 2327 5812 1664 4686 5526 3258 2417  248  869 5707 2317 4384 5324 4144  328 1843 4957 4431 2883  400 2562 4944 2722 2302 2535 2096 3229   65 3990 3897 3975 4038 2568 4814 3117 5860 5256 3791 4850 5977 1138  177 3724  426 4084 3029 5351 4892 4621 2984 3443  499 5695  893 4565 4048 3102 3250 4663 1689 1061 1100  996  425 4655 2224 2476 4399 5444 4834 5581 4936 4214 5308 3634 3354 5105 2387  671 3776  242 2344 1238  967 2806  547 2087 2002 2018 5963 2170 1291 4832 3295 1086 2307 2028  109 4329  949  135 2998 4264  135 2142 5615 2013 5455 4293 5701 1690 5091 3290 5064 3886 3204  862 1381  838 2464 1950 5761 1687 3023  531 4230 2357 2504  603 1088 2778 4775  888 1577  782  446 3695  313 2822 1676 3354 4079 5691 3299 4286 3482 2278  546 3809 4135 3199 3933 4855 4050  586 3604 1107 3479 5383 4781 2300 1356 4855 5997 5060 5727  843 3012 1763  371 1056 2916 2637 2272 4205 4987 2802 4584 5057 3757 4329  742 3364 5360 1629 1680 4963 1266 4601  245 1697 4759 3211  647 3030 1525 1272  399 2888 1837  550   50 2503  460 4620 1510  965 2400 2224 2382 1653 1582 2205 4970 2556 4701  761 1606 2911 2060 1413 5384  520 1599 5738 5106 5764 4380 2066 4664 1492 4211 3830 1655 3841 4266 3353 5657 2401 4716 2008  957  767 4313  892  383 4170 2174  990  280 2214 5972 3339 4644 3221 4446 4302 3598 5450 2518 5987 4064  549 4787 2127 3756  798 2245 5704 3463   77 3335  524  504 4338 1770 3254 2115 3351 2419 5719 4190 1760 1204 4938 3918 1590 4910 1078 1323  294 2752 1042 3370 5423 3976 4757  301 5714 1211 4608 5627 4841 1217 1922 3411 5401 4986  167  169 4981 5404 5159 5426 1997 5390  324 2001 4884 3480 2089 5288 1490 5606 5388  535 2076 2172 1510 2537 5841 1294 3540  222 5892 4160 3591  131 5332 3167 4555 5971 3953 2397 5005 4943 3393 4634  734 4591 3405 3703 3699  339 1441 5513  570 5767 2107 2692 5447 1587 5035 5694 4815 1968 1257 4774 3402 5396 1305 3784 1886 3964 1974 5702 5649 5614 1045 5807 3256 4997 5543 4610 4730 4901 2719 3839 1572 2032 4649 2311 1114 1264 5295 4222 4697 5384 1736 5233 5024 5870 1419 1329 3213 5147 4523 1982 3161 5135 4856   70 5150 3878 5605  896 3145 3632 2701 3263 5661 2120  805 5086 2340 5204  608 1341 2213  237 3320 1573 1786  622 3386   67 2141 1696 4003 2508 4996  461 3202 5480 5472   29 2495 2987 5712 4468 1228 3657 4714 5191 2786  829 1743  641 1607 4255 4056 3346 2772 1819 1307 1014  523 5742 2385 1386 4899 1808 4652 2671 1959 3563  853 4275 5435  218 1392  534 2887  958 5959 2614 4892 5160 3662 4526 2336 3331 5550 4943 3527  508 1825  618 4670 4407 2216  475  993 1544 4351 5016 2891 4527 1178 1709 2242 3439 2896  546 1165  978 3659 1222 4195 4220 2174 1503 2385 3687 4972 1505 5344 1410 3581 3386 1350  688 3465 3001 2022 3874 1438 2607 5498 1547 2570 1203 1121 5573 3582 3326 5352 1230 5122 4036  642 4641 1228  318  220 1273 1652 3028 5103 3945 3677  451 4748  581  231  157 1406 4064 5052 5217 5520 1206 2707 2579 2494  361 2198  345 5975 2285 2599 4832 3509 3664 4082 4402 2145 4505 1472 2249 3836  451 2323 5712 2851 5290  479 4170 5829 5547 5542 2063 3990 4977 3073 5886 1913 3942 4310  226 5473 1846  859 5097 2188 2690 4946 5374 4172 1597 3623 3518 2551 2013 2815 5873 3250 5841 4530 3387 2358  521 2418 4573 1804 1456 3867  917  733 1309 4040 4897 2345  994 3037  467 2829 5925 5566 4802 2501 1175 5184 3267 1245 2289 2226 3508 1083 4934 2707 1472 3829  758 3053 1381 4003 1901 2120    3 1248 3328 1379 4228 4529 2628 4719  553 2867  271 2822   25  989 4298 2805  233 5381 3891 2984 4868 2257 1226 5742  175 3919  131 4592 2016 3507 2144 3187 1365 2811 3409 1211  701 2665  388 2890 2638 3156 1188 5492 2223 3226 2941 2967 5500 5503 4169 2676 2168 2887 5107 2561  411 3884   96 2690 3716 4583 2983 1708 1151  123 3274 3429 1188 4841  148 5946 5820 1622  583 3477 5073 4015 5559 4371 1656 5521 2523  456 2232  731  653  196 1029 2525 5440 5860 4628 3377 1009 4562 3534 1672 4974 1972  649 5926 5619 5317 5251 2729 4833 4893 2612 2725 4689  717 3139 3670 3355 3253 1700 3513 2229  584 1983  101 2030  516 5798 4852 5111  308 3566 3698 1359 2131 2445 1833 4411 4368 3573  758 2886 4029  681 4786  119 3729 1824 1391 5968 3416 2436 2089 2323 2841  753 5001 1189 4656 2126 5578 5939  701 5634 5101 5363 2752 2906 2243 2201 5186 2052 4630 5692  471 4880  112 2847  532  283 5694 5120 2877 3814 4411 3580 3248 4699 2866 4696 5112 1763 3075 1644 4169 5941 3155  335  152 5129 1305 2131  958 3360 2510 3407 2578 2112 5650 2889  903 4173 4136   85 5971 1885  396 5014 1638  887 4643 3966 5005 4165 4951 4135 1570 1603 1010 1344  875   47  462 5593 4501 4172  407 4204 3915 3887 4421  633  571 5146 3599 5433 5442 2091 4999  658 3037 2858 4289 3234 1237  175   97 3660 3208  605  832 4891 4005  311 2375  246 4555 1435 5172 4941 3027 4657  347 3435 1840 3086 5831 4341 2131  160  577  351 4100 5966   85 1428 1778 2269  151 1133 5744 1302 2501 4696 2184  790 4103  267 3581 3945 2156 4056 3024 5652 3021 1309 1534 2044  297 2453 2005 5592  131 3762 4151 2456  272 4314  184 2016 2268 2578 4992 2096 5816  475 1592  808 4297 2214 3429 5429 1312  878 1063 5173 4299 3126 5415 5626 2799  552 1283  662 1185 1408 2368 3779 4370 3288 3278 3616  431  311 1126 3342 4479 1268 2260 5522  876 3287 1163 3931   57 1559 2926 2314 3600 3609 3821  997 5401 3449 3903 5604 1009 2062 1623 4269 3709 1935 3212 2688 1574 3066 3787 4674  820 2373  715  863 3039 5933 4249 2586 1393 4353 4298 1087 1586  139 5893 5590 4398 5435 2336   40 5691 1852 3498 2699 3769 4991 2602 4706 3020 4601 2544 2741  127 1019 3175 2916  188 1500 1452 4195 1932  366 3616 1555 5975 2659 5921  330 2645 1045 5746  743  617 3896 3601 4284 2107 1935 3244 5166 3078 3511 2014 1292 2204 1598 1797 5442 2048 5041  497 3164 3408  709 3486 4311 1690 2067 3215 4984 3828 5935 2397 5924 4405 3131 1708 1860 5760 4111 5105 3930 4797  882 4924 4276 1982 3687  608 3667 4387 3757 3220 3902 4057  628 4657 1042  261 1976 2629 3757 3105  703 2014 2759 2662 4898  474  996  575 1537 4119  974 4487 3458 4347  143  791 5150 1570 3209 3668  453  385 4356 5595 1809 3006 3508  834 5796 2361  334 3857 1552  245  189 5232 1594 2056  181 3088 5535 3346 4098 5908 2396 1109 4560 1988  794 5074  303 5420 1984  841 1474 4171 3885 1265 3738 5358 3426 2910 5419 4918 2941  372 1299 3064 4156 5496 3680 2077 1116 4897 1162 3864 1627 5292 5978 2577 2384 2444 2865 5823 4677 2693 3537 1695 4276 3796 4249 3387  469 1861 1076 4150 2661 2050  799 4934 1384 1584 3571 4561 1414 2231  488 5352 4329 2731 5422 1723 3533 2392 1775 1991   17 4274 5391 1202  573 5171 5986 4278 4774 4140 4320 5851 5550 2487  346 5284 2582 5610 3940 1936  465 3849 2381 2479 3405 4713 1991 2305 5130 5836 3734 3643 4559 1828 4402  741  283 2922 2716 2572 3565 2286 1961 5361 1546 3907 1182 1561  644 5559 2764 5923 5207  890 3715 4545  327  442 3757 3687 5378 1345 5583 3223 1560 2125 5435 4552 5679 4516 2074 4804 1170 4750 3180 1976 3231 1115 4090 3662 1655  922 4612 1915 5024 4992 4568 4734  724 1289  326 5791  139 3951 1078 4793 2314 3098 1515 3002 5609  713 1203 2068 1482 2718 3689 4060 4561 3167  200  950 1873 5983 3258 1784 4932 1527 1590 5644 3412 5324 1272 3369 4731 4697 4271 4062 4529 4757 2165  902 4064 1036 1169 2236 4150 1434 1989 3984   99 4751 2151  427 1148 5849 1828  167 2255 2401 2693 1642 3405 5077  882 2814 2814 1519 3455 4603  468 5861 4217 3356 1437 4946 1709 3769 5371 1351 2597 1447 1620 5008 3119  270  765 4408 3253  584 4854 5978 1488 4503 5369  771  151 3271 3027   46 2328 1780 2838 1648   43 4548 1479 4717 5411 4928 4465 5968 5520 3370 4207 5216  263 1746 1988 5015 4838 1421 3558 3062 5297 5691 1812 2201 2342  517 1504 4729 4970 5895 3516 3658 5856  550 3736 4540 2359 2792  255 4934 2151 5702  286 1798  677 3368  107 1497 3757 4498 5782 1378 3389 1001 2305 1034 5261  463 2754 3796 2473 2513 4256 3803 1346 3369 4194 1843  137 5289 2366 5597 4395 5978 2259 2755 4275 3598 2952 4873  269 5804  251  639 2800 5899 3207 1979 2515 2615 5562 1080 4496 5256 2431 2808 3846 4316 1651 1973 1915  387 5529 3253 5783 5889 1394 3385 4360 2795 2297  712 5412 2051 4883 2686 3710 5820 3659  591 1196 4602 4077  986 2446 5476 1874 3700 3762 1991  852  813 3986 5039 3696 3523 4060 2924 4177 1989 1693 3926 3080 2892  105 2529 4336 2659 2711 1450 3250 4627 1791  486 4784 1632 4850  451 3043  266 3174 1436 1900 4208 3434 2658    9 2553 3803 4293  251 3903 1742 3285 1899 5577 4432 1676 5757 2826 2839 2910 3645  939 4446 1730 2828 2525 5200 1081 2147  922 2871 4948 5562 5793 1214  930 5974 3932  240 4582  573 2096 2607 4808 1285 2354 2458 5078 4527 2732 1566 5213 2716 3958 2417 4851 5633 3415  377 4402 1003 3302 4563 3654  104 1276 3287 2319 3313 4591 1094  113 2427 4421 2859 3084 4881 4927  409 2508 2107 2314  819  243 3170 3955 2953 1645 2899 5856 3692 4724 3474  763 5348 1220  175 4217 2934 5778  876  845  198 4744 4441 3024 4019 5698 5940  853 3245 5471  464 1952 4378 2473  955  471  189 2206 3727 5504 3790 3425 1302  583 4517  830  475 1980  615 3401 1199 1822 4088 2856 1480 3896 4393  759 3568 1775 2883  689  288 3128 4433 5694 5889 3794 2776 4776 1622 5964  537   27  237 5694 4589 4172 2547 1708  593 5720 5276 2647 1940 3541 1248 1648 5379 5802 4643 3562 5799 1061 5693  628 1402 5223 4693 3439 4206 3848 5766  767 4029 3916 2879 2751 4839 1634 2628 2871 4534 5057 3106 4811 3842 5702 4125 4941 2165 1537 3264 5905  724 4918 4210 2257 4969 4298 2675  925 5563 1710 4455 3661  360 3620 4536 2384 2271  880 3897 5229 1035 5188 1539 3830 4687 3963  639 3998 4353 1167 3077 2538 5297 2454 4646  369  176 4233 2971 1226 1167 2113 1541 3675 3367 1937 2480 3297  303 2240  718   15 4520 5385 5899 2756 3917 1008 1655 4931 4468  616 1397 4704 4040 4067 5458 5491   29 5720 3339 1774 3219 2144 4550 5867 4412 4941  313 5557 2131 4063 5219 4770 3214 5989   31 5653 1788 2768 1456 1567 2985 4645 2491 5223 2953 4893 2030  591 3102 4618 4938 2803 1558   99 3228 1494 4715 3672 4290 5071 3663 1034 2019 5169  109 4284 1502 4973 1040  490 1656 2741 2224 1554 3916 1739  289 4978 5556 1671 3583  199  401  800 4527 4610 1116 5352 1059 2538  627 4474 3272  635 1056 3249 4486   53 3034 3927 1147 1808 1830 1321 2590 1502 2725 3961 5113  514  665 5011 1692 2777 2716 2996 5866  657 4319 2388  550 1189 3215  711 3955 1980  660 4684 3595 4480 2122 1325 5650 1509  207 1126 1341 2095 1215 3119 2047  854 3312 2608  469 3503 5261 2014 3357 2182 1236 5377  707 3566 4388 5979 1680 4845 5987 3208  952  865 2355 1756 1039 5147 5031 5305  180 2539 2975 4245 5707 3220 3325 1123 3618  632 1596 2684 1448  946 5642 4785  835 5322  654 1354 3561 3950  774 4584 1185 3386 5098  573 1512 4789  737 4308 5598 3076   41 2184 2721  313 3395  624 5145  344 2832  950 1224 4064 5178 4316  126 1581 4552 3466 1104 2941 4569 4452 5872 5667 1633 5651 4290  982 3027 5625 1803 3166 2590 1158 4590  819 4526 1808 2116 4105  192 2592  711 2114 3778  845   30 5019 1581 1146  319  804 3417 4771 5280 4926  622 1900 3870 2842 3485 1231 2510 3323 2634 1094  567 5136 3933 3893 4160 2012   19 1855  169 3936 4118  872 4656    2 1842 5401 3526 5468 4190  317 5414 3805 4318 1602 2201 3393 2574  499  830 4214 3037 5120 1351 5035 4623  189 5974 4228 2832  480 3710 5292 4877 3591 1511 5764 4274 5797 5129 2288 2035 1569 2078 3516 5158 5118 1701   10 4159 4866 2891 2586 3509 2895 5260 1366 4234  879 1354 4223 5286 2026 2314 4441 2440 2179 3478 5879 2380 5690 4065 2388 2355  634 4377 4613 5538 5132   40 4921 4682 2392 4792 2866 2015 3020 1725  721 1209  742 2531 2915 1384 4299 3492 2733 3719 1679 1983 5592 5435 4029 5897 2881 5510 1920 1602 3824 5445 5665 2661 2398 2788  598 4452 5986 4872 5465 5806 5103 2003 2112 5314 2495  884  379 4852 4034 2848 4989 4219 4453 4870 2488 3769 4899 4273 4951 4817  267 2000 5115 4284 5341 3742 3175 3949 5690 4214 1968 5796 1067 5915 5024 5354 2707 4642 5391 1985 2892 2331  948 1196 4481 1718 1737 4345 2026 4402 3016  689 4382 3944 2476 5103 4960  301 1350 2555 3769 5014 1273 5998 5849 3068 5135 4734 5723 4452 1621  934 2675 1023  984 4630 5802 3093 4858 4233 5711 2407 4245 2132 5624  740 2201 3760 3188  301 3316 1487 1940 4935 5392 5495 2389 3243 3829 1002   42 3976 3135  218 5536 1981 3875 1002 5367 2838  881 2011 4645 1583  804 4557 1117 5599 3625 3343 1289 5927 3215 1405  579 5014  484 5826 4901 3625 3278 3983 4950 5637 4023 4719 2531 5057 3769 4226 3545 5609 1264 5391 4652 2576 2474  244 4730 2877 1324 2983  565 2099 4659 1480 4102 2347 2210 4611 5967 1975 1884 3419 2792  893 1417 2237 4524 2771  438 3259 5766  876 1922 4537 5879 5480  321  646 5935 2067  858  915   42  378 3226 5046 5583 1789 1499 4280 3155 1767  407  456 3593 4912  591 2375 1765 5185 1290 2903 2884 5680  677 4320 4476 1893 5905  337 1082 4263  537 1987 2450 4047 4422 1083 5685 2931 5359 2814 5499 5657  851 1325 4775 1211  478 1183 4779 5507 3431 3463 3458 4882 3152 5366 3304 4129 1904   12 2082 1108 1570   76 2390 4123 3688 5910 2175 3682 4850  905 5493 2236 1978 4172 4828 4411 1246  756 1035 3746  992 2099 5718 4002 5563 5047 1193 3138  396  194 3479 1590 1477 1362 3756 1597 1644  470 3952  980 5790 3338 1981 3380 1236 5638 1138 5681 5107  706 5004 2209 3772 4028 1205 3882  740 4775 3125 1661 2636 2605 2331 2573 4126 2835 2101 3762 4270 1543 2946  557 2433  747 4894 2096 4165 2122 4431 1774 4738  169 1757 5390 1026 1137  562 4925 2862 2477 5653 2402 5764 5430 4180 2079 2891 5055 2311 5282 3734 1331 4167 2919 2291 3128  130 2638 3524 2562 5152 5559  850 5489 3172 3284 2851 5601 5173 4588 1175  732 3374 4179 3163 3347 1081 2476 3371 1193 5551    1 5067  157 2119 5823 4498  808 3210 3448 5640 3374 2731 3978 2010 1141 4473 2383 1247 2246 1238 2523 3278 2325  658 2388 5147  984 5031 1114  969 3682 3732 3341  500  982 1944 2429 4920 2019 2611 1720  262 2083 5426 5892  477 1480 5274 3029 4418 5623 1490 1017  752 1404 4005  259  757 2719 3368 3985 3219  118  942 2685 4543   67 3341 3539  712 3812  527 1095 2314 2677 1316 5155 4565   73 1103 1333 3010 3751 3017  224  451  317 5619 5364  231 2649 5987 4292 4749 1202   37  235 2701 1413 1164  358  749  276 3429 2253 3113 4824  135   15 3454 4275 3904  193 3748  659 3456  633 1632 2588 3481 5236 4218 1562 4433 2945  769 5481  866 4214  309 5324 5701 1380   82  958 1666 5579 5304 2196 1154 4993 2002 5006  728 3030 2289 1758  135 1976 5262 5541  584 1599 3300 3762 5468 2525  621 1816 2868 5615 5913 2384 4761 3419 3095 4938 2895 4578 1652 5818  928 3872 3324 5195 2954 2653 4561 1814 2224 4854 1049 3524 4497 1916 4507 5678 4053 4275 5729 1170  182 1131 1124 1643 1028 1618 4916  403 4084 1792 2389 3970 4698 4575 2358 2699 3270 3131 3521 5525 4740 2248 5307 2213 4069  586 2662 4968 5149 5118   52 5784 1528 5560 5156 2765 4637 4513 2632 5177 4933 1145 5819 5222 5495 4923 5173 2437  639 3639  654 2180 1096 3674 4869  555 3236 3365  396 2204 1974 3711 2660 2714 5335 2470 3058 4681  339 1226 2308 2340 2318 3621   42 3365 1797  555 5734  534  892  804 4121 4422 3653 3322  195 1765 2527 3679 4504 4414 4692 3010  216 5654 5185 2551  557  501 1681 3050 3733 4915 3771 5524 1669 1090 3642 4021 1567 4918 4477 3855 5131 1872 3671 5575 3434 1236 1524 3243 1732 1946  275 3270 5376 5381 4636 4477 3097 2006 5722 4633 4179 3693 2375  259 3437 4038 5327 2490  880 5371 4883 4000 4594 4603  451 3229 2846 3621 4030    4 2984  569 2024 3338 1551 3917 3999 5255 5831 3767   52 5643 4595 1906  745 2585 2467 5211  256 2332 5380 2011 2199 1958 1896 1100 3276 4439  918   45 1967 1783 3851 1932 2043 2891  214 5207 2121  380 4716 5632 3620 1227 4938  505  950  236 2354 4351 5467 1276 3577 3409 3892 5048 3833 1779 1953 5513 2434 3252 1622 5262 1479  561 5569 3276 2471 2180  646 5745 4965 2984 3559 2489 2677 1658 1519 3868 2600 4109  104 2361 2737 4931 5311 3701 2823   79 4031 4354 3711 3163 5610 5847 3128  941 1821 3015 4692 3162 4847 5718 3770 5049 3335   63  739 1851 2059 5618 4267 2928  113 2310 3591 3189 2017 2417 4570 4883]
startmilliseconds 1646519254255
Sorted array - [   1    2    3    4    8    9   10   11   12   15   15   17   19   24   24   25   27   29   29   30   31   32   35   37   40   40   41   42   42   42   43   45   45   46   46   47   47   50   52   52   53   57   58   61   63   65   67   67   70   73   73   73   76   77   79   82   85   85   96   97   99   99  101  104  104  105  105  106  107  109  109  112  113  113  117  118  119  123  126  127  127  130  131  131  131  135  135  135  135  137  137  139  139  141  143  148  151  151  152  157  157  158  160  164  164  167  167  168  169  169  169  173  175  175  175  176  177  180  181  182  184  188  189  189  189  192  193  194  195  195  196  198  198  199  200  207  207  209  210  214  216  218  218  220  222  222  224  224  226  231  231  233  235  236  237  237  240  242  242  243  244  245  245  246  248  250  251  251  252  253  255  256  259  259  261  262  263  266  267  267  269  270  271  271  272  275  276  278  280  280  283  283  286  288  289  293  294  294  296  297  301  301  301  303  303  308  309  309  310  311  311  312  313  313  313  315  317  317  318  319  319  321  324  326  327  328  330  334  335  337  337  339  339  339  344  345  346  347  351  358  360  360  361  364  365  366  367  369  370  371  372  377  378  378  379  380  380  383  383  385  387  388  390  394  396  396  396  396  396  399  400  401  403  407  407  409  411  424  425  426  426  427  431  432  438  441  442  446  446  451  451  451  451  451  453  456  456  456  460  461  461  462  463  464  465  467  468  469  469  470  471  471  474  475  475  475  475  477  478  479  480  484  486  486  487  488  490  490  491  497  499  499  500  501  504  505  507  508  510  510  514  514  516  517  520  521  523  524  525  527  531  532  534  534  535  537  537  543  546  546  547  549  550  550  550  552  553  555  555  557  557  561  562  562  565  567  569  570  570  571  573  573  573  575  577  579  579  581  583  583  584  584  584  586  586  591  591  591  593  598  603  605  607  608  608  615  616  616  617  618  619  621  621  622  622  624  624  627  628  628  630  632  632  633  633  634  635  639  639  639  641  642  644  645  646  646  647  649  649  653  654  654  654  657  658  658  658  659  660  661  662  665  671  677  677  681  688  689  689  698  701  701  703  703  706  706  706  707  709  710  711  711  712  712  713  713  715  717  718  721  723  724  724  728  731  732  733  734  736  737  737  739  740  740  741  742  742  743  745  747  749  750  752  753  753  754  756  757  758  758  758  759  761  763  763  765  767  767  769  771  774  776  777  782  790  791  794  796  798  799  800  804  804  804  805  808  808  813  819  819  820  823  829  829  830  830  832  832  834  835  836  838  839  841  843  845  845  850  850  851  852  853  853  853  854  854  858  859  862  863  865  866  869  872  875  876  876  876  878  879  880  880  881  882  882  884  887  888  890  891  892  892  893  893  895  896  900  901  902  903  905  906  913  915  917  918  922  922  925  927  928  928  930  932  934  935  939  939  941  942  942  943  946  948  949  950  950  950  952  952  954  955  955  956  957  958  958  958  960  965  967  967  969  974  977  978  980  982  982  984  984  986  986  989  990  992  993  994  996  996  997  997 1001 1002 1002 1002 1003 1008 1009 1009 1009 1009 1010 1010 1013 1014 1015 1017 1019 1020 1022 1023 1026 1027 1028 1029 1034 1034 1034 1035 1035 1036 1039 1040 1042 1042 1045 1045 1047 1049 1056 1056 1059 1061 1061 1063 1067 1076 1078 1078 1080 1081 1081 1082 1082 1083 1083 1086 1087 1088 1090 1094 1094 1095 1096 1096 1099 1100 1100 1103 1104 1107 1108 1109 1114 1114 1115 1116 1116 1117 1119 1121 1123 1124 1126 1126 1131 1133 1137 1138 1138 1138 1141 1145 1145 1146 1147 1148 1149 1151 1154 1157 1158 1162 1163 1164 1165 1167 1167 1169 1170 1170 1173 1175 1175 1177 1178 1182 1183 1185 1185 1188 1188 1189 1189 1191 1193 1193 1196 1196 1199 1202 1202 1203 1203 1204 1205 1206 1209 1211 1211 1211 1214 1215 1217 1218 1220 1221 1222 1224 1226 1226 1226 1227 1228 1228 1230 1230 1231 1236 1236 1236 1237 1238 1238 1245 1245 1246 1247 1248 1248 1257 1262 1263 1264 1264 1265 1266 1268 1272 1272 1273 1273 1273 1276 1276 1278 1278 1283 1284 1285 1288 1289 1289 1290 1291 1292 1292 1294 1299 1302 1302 1305 1305 1307 1309 1309 1312 1313 1313 1316 1320 1321 1321 1323 1324 1325 1325 1329 1331 1331 1333 1341 1341 1341 1344 1344 1345 1346 1348 1350 1350 1351 1351 1354 1354 1356 1357 1359 1361 1362 1365 1366 1369 1374 1378 1379 1380 1381 1381 1382 1384 1384 1386 1388 1391 1392 1393 1394 1397 1401 1402 1402 1404 1405 1405 1406 1407 1408 1410 1413 1413 1414 1417 1419 1419 1421 1422 1428 1433 1434 1434 1435 1436 1437 1438 1441 1443 1447 1448 1448 1448 1450 1452 1455 1456 1456 1456 1457 1461 1461 1463 1472 1472 1474 1477 1477 1478 1479 1479 1480 1480 1480 1482 1486 1487 1488 1490 1490 1492 1494 1497 1499 1499 1500 1501 1502 1502 1503 1504 1505 1509 1510 1510 1511 1512 1514 1515 1519 1519 1521 1524 1525 1527 1528 1531 1534 1537 1537 1537 1539 1540 1541 1543 1543 1544 1546 1547 1551 1552 1554 1555 1558 1559 1560 1561 1562 1566 1567 1567 1569 1570 1570 1570 1572 1573 1574 1574 1577 1580 1581 1581 1582 1583 1584 1586 1586 1587 1590 1590 1590 1592 1592 1594 1594 1595 1596 1597 1597 1598 1599 1599 1602 1602 1603 1603 1606 1607 1610 1611 1618 1620 1621 1621 1622 1622 1622 1623 1623 1626 1627 1629 1632 1632 1633 1634 1635 1638 1640 1642 1643 1644 1644 1644 1645 1648 1648 1651 1652 1652 1653 1653 1655 1655 1655 1656 1656 1657 1658 1659 1661 1664 1666 1666 1666 1669 1671 1672 1676 1676 1679 1680 1680 1680 1681 1681 1687 1689 1690 1690 1692 1693 1695 1696 1697 1700 1701 1708 1708 1708 1709 1709 1710 1718 1719 1720 1723 1725 1725 1730 1730 1731 1732 1734 1736 1737 1739 1739 1742 1743 1744 1746 1752 1756 1757 1758 1758 1759 1760 1763 1763 1765 1765 1767 1769 1770 1774 1774 1775 1775 1777 1778 1779 1780 1783 1784 1784 1786 1788 1789 1791 1792 1793 1797 1797 1798 1803 1804 1808 1808 1808 1809 1812 1814 1816 1818 1819 1820 1821 1822 1822 1824 1825 1827 1828 1828 1828 1830 1832 1833 1833 1837 1840 1842 1843 1843 1843 1846 1847 1848 1851 1852 1855 1855 1859 1860 1861 1872 1873 1874 1880 1884 1885 1886 1887 1893 1896 1897 1899 1899 1900 1900 1901 1904 1906 1911 1911 1913 1914 1915 1915 1916 1919 1920 1922 1922 1926 1932 1932 1935 1935 1936 1937 1938 1938 1940 1940 1944 1946 1950 1952 1953 1953 1955 1958 1959 1961 1961 1967 1968 1968 1972 1973 1974 1974 1974 1975 1976 1976 1976 1977 1978 1979 1980 1980 1981 1981 1982 1982 1983 1983 1984 1985 1987 1988 1988 1989 1989 1991 1991 1991 1993 1997 2000 2001 2002 2002 2003 2003 2005 2006 2008 2010 2011 2011 2012 2013 2013 2014 2014 2014 2015 2016 2016 2017 2018 2019 2019 2022 2024 2024 2026 2026 2028 2030 2030 2032 2035 2039 2043 2044 2047 2048 2050 2051 2052 2056 2059 2060 2062 2063 2063 2065 2065 2066 2067 2067 2068 2069 2072 2073 2074 2076 2077 2078 2079 2079 2082 2083 2087 2089 2089 2091 2095 2096 2096 2096 2096 2099 2099 2099 2101 2107 2107 2107 2112 2112 2113 2114 2115 2116 2116 2119 2120 2120 2121 2122 2122 2123 2125 2126 2127 2130 2131 2131 2131 2131 2132 2133 2134 2136 2141 2142 2144 2144 2144 2145 2146 2147 2151 2151 2152 2156 2158 2160 2165 2165 2166 2168 2170 2172 2172 2173 2174 2174 2175 2176 2179 2179 2180 2180 2180 2182 2184 2184 2184 2186 2188 2188 2188 2196 2196 2198 2198 2199 2201 2201 2201 2201 2202 2204 2204 2205 2205 2206 2209 2210 2213 2213 2214 2214 2216 2218 2223 2224 2224 2224 2224 2226 2229 2231 2232 2232 2236 2236 2237 2240 2240 2242 2242 2243 2245 2246 2246 2248 2249 2253 2254 2255 2255 2257 2257 2259 2259 2260 2264 2268 2269 2269 2271 2272 2278 2279 2285 2286 2288 2289 2289 2289 2291 2297 2300 2302 2302 2303 2305 2305 2307 2308 2310 2310 2311 2311 2311 2314 2314 2314 2314 2314 2316 2317 2317 2318 2319 2319 2323 2323 2325 2327 2327 2328 2329 2329 2330 2331 2331 2332 2332 2336 2336 2340 2340 2342 2344 2345 2347 2354 2354 2355 2355 2357 2358 2358 2359 2361 2361 2361 2366 2368 2373 2375 2375 2375 2377 2377 2378 2380 2381 2382 2383 2383 2384 2384 2384 2385 2385 2387 2388 2388 2388 2389 2389 2390 2392 2392 2396 2397 2397 2398 2399 2400 2401 2401 2401 2402 2407 2413 2414 2417 2417 2417 2417 2418 2419 2427 2429 2431 2433 2434 2436 2436 2437 2440 2444 2445 2446 2450 2453 2454 2456 2458 2458 2464 2465 2465 2467 2470 2471 2473 2473 2474 2476 2476 2476 2477 2479 2480 2487 2488 2489 2490 2490 2491 2492 2494 2495 2495 2495 2496 2499 2501 2501 2501 2502 2503 2503 2504 2506 2508 2508 2510 2510 2511 2511 2511 2513 2515 2518 2518 2519 2523 2523 2525 2525 2525 2527 2529 2531 2531 2535 2535 2537 2537 2538 2538 2539 2544 2547 2549 2551 2551 2551 2553 2555 2556 2561 2562 2562 2567 2568 2569 2570 2572 2573 2574 2576 2577 2578 2578 2579 2582 2585 2586 2586 2588 2589 2590 2590 2590 2592 2597 2599 2600 2602 2605 2607 2607 2608 2611 2612 2614 2615 2621 2623 2628 2628 2628 2629 2632 2634 2636 2637 2638 2638 2645 2647 2649 2649 2653 2658 2659 2659 2660 2661 2661 2661 2662 2662 2665 2671 2672 2675 2675 2676 2677 2677 2681 2683 2684 2685 2686 2687 2688 2690 2690 2692 2693 2693 2699 2699 2701 2701 2707 2707 2707 2709 2711 2714 2715 2716 2716 2716 2718 2719 2719 2721 2722 2725 2725 2729 2731 2731 2732 2733 2737 2740 2741 2741 2750 2751 2752 2752 2754 2755 2756 2758 2759 2763 2764 2765 2765 2768 2771 2772 2773 2776 2777 2778 2786 2788 2792 2792 2795 2799 2800 2802 2803 2805 2806 2808 2811 2811 2814 2814 2814 2815 2822 2822 2823 2825 2826 2828 2829 2832 2832 2835 2837 2838 2838 2839 2841 2841 2842 2843 2846 2847 2848 2851 2851 2856 2858 2858 2859 2862 2863 2864 2865 2866 2866 2867 2867 2867 2868 2870 2871 2871 2877 2877 2878 2879 2881 2883 2883 2884 2886 2887 2887 2888 2889 2890 2891 2891 2891 2891 2891 2892 2892 2895 2895 2896 2899 2903 2906 2910 2910 2911 2914 2915 2916 2916 2919 2922 2924 2926 2928 2931 2934 2941 2941 2941 2943 2945 2946 2946 2948 2952 2953 2953 2954 2956 2958 2960 2963 2965 2967 2968 2971 2975 2983 2983 2984 2984 2984 2984 2984 2985 2987 2989 2992 2995 2996 2998 2998 3001 3002 3006 3008 3010 3010 3010 3012 3015 3016 3017 3018 3019 3020 3020 3021 3021 3023 3024 3024 3027 3027 3027 3028 3028 3029 3029 3030 3030 3034 3037 3037 3037 3039 3043 3047 3049 3050 3053 3054 3058 3060 3062 3063 3064 3066 3068 3072 3073 3075 3076 3077 3078 3080 3084 3086 3088 3089 3092 3093 3093 3094 3095 3097 3098 3102 3102 3103 3105 3106 3107 3110 3113 3117 3119 3119 3125 3126 3128 3128 3128 3129 3129 3131 3131 3134 3135 3138 3139 3145 3145 3151 3152 3155 3155 3156 3157 3161 3161 3162 3163 3163 3164 3166 3167 3167 3170 3172 3174 3175 3175 3179 3180 3187 3187 3188 3189 3189 3191 3192 3197 3199 3202 3204 3205 3207 3208 3208 3208 3209 3210 3211 3212 3213 3214 3215 3215 3215 3215 3219 3219 3220 3220 3221 3223 3226 3226 3228 3228 3229 3229 3231 3234 3236 3238 3241 3241 3242 3243 3243 3244 3245 3248 3249 3249 3250 3250 3250 3252 3253 3253 3253 3254 3256 3258 3258 3258 3259 3263 3264 3267 3270 3270 3271 3271 3272 3273 3274 3276 3276 3278 3278 3278 3279 3284 3285 3287 3287 3288 3290 3292 3295 3295 3297 3299 3300 3301 3302 3304 3309 3312 3313 3316 3316 3318 3320 3322 3322 3323 3324 3325 3326 3328 3331 3332 3335 3335 3338 3338 3339 3339 3341 3341 3342 3343 3346 3346 3347 3347 3351 3353 3354 3354 3355 3356 3357 3360 3362 3364 3365 3365 3367 3367 3368 3368 3369 3369 3370 3370 3371 3372 3374 3374 3376 3377 3380 3383 3385 3385 3386 3386 3386 3387 3387 3387 3389 3389 3393 3393 3395 3395 3400 3401 3402 3402 3405 3405 3405 3405 3406 3407 3408 3409 3409 3411 3411 3412 3413 3415 3416 3417 3418 3419 3419 3424 3425 3426 3427 3429 3429 3429 3431 3434 3434 3435 3435 3435 3437 3439 3439 3443 3448 3449 3454 3455 3456 3456 3458 3458 3459 3461 3462 3463 3463 3463 3465 3465 3465 3466 3467 3474 3477 3478 3479 3479 3480 3481 3482 3485 3485 3485 3486 3486 3486 3492 3498 3498 3502 3503 3504 3507 3508 3508 3509 3509 3511 3513 3516 3516 3518 3521 3523 3524 3524 3526 3527 3531 3532 3533 3534 3535 3537 3539 3540 3541 3545 3548 3553 3558 3559 3561 3562 3563 3565 3565 3565 3566 3566 3568 3568 3570 3570 3571 3573 3577 3580 3581 3581 3582 3583 3591 3591 3591 3593 3595 3595 3598 3598 3599 3600 3601 3604 3606 3607 3609 3611 3614 3615 3616 3616 3616 3618 3618 3620 3620 3621 3621 3623 3625 3625 3629 3632 3634 3639 3642 3643 3645 3647 3650 3653 3654 3657 3658 3659 3659 3660 3661 3661 3662 3662 3663 3664 3667 3668 3670 3671 3672 3673 3674 3675 3677 3679 3680 3682 3682 3687 3687 3687 3688 3689 3692 3692 3693 3695 3696 3698 3699 3700 3700 3701 3703 3705 3706 3709 3710 3710 3711 3711 3711 3714 3714 3715 3716 3719 3723 3724 3725 3726 3726 3727 3729 3730 3732 3733 3734 3734 3736 3738 3742 3746 3748 3748 3751 3751 3754 3756 3756 3757 3757 3757 3757 3757 3760 3762 3762 3762 3762 3763 3764 3767 3769 3769 3769 3769 3769 3770 3771 3772 3774 3776 3778 3779 3784 3784 3787 3790 3791 3794 3794 3796 3796 3800 3802 3803 3803 3805 3807 3808 3808 3809 3812 3814 3821 3824 3828 3829 3829 3830 3830 3830 3833 3834 3836 3836 3839 3841 3842 3843 3845 3846 3848 3848 3849 3851 3854 3855 3857 3863 3864 3866 3867 3868 3870 3871 3872 3874 3874 3875 3878 3882 3882 3884 3885 3885 3886 3887 3889 3890 3891 3892 3893 3896 3896 3897 3897 3902 3903 3903 3904 3907 3908 3910 3915 3916 3916 3917 3917 3918 3919 3923 3926 3927 3927 3929 3930 3931 3932 3933 3933 3934 3936 3939 3940 3942 3944 3945 3945 3945 3949 3950 3951 3952 3952 3953 3955 3955 3958 3958 3961 3962 3963 3964 3966 3966 3970 3972 3973 3974 3975 3975 3976 3976 3976 3978 3983 3983 3984 3985 3986 3989 3990 3990 3995 3998 3999 3999 4000 4002 4003 4003 4005 4005 4015 4015 4017 4019 4021 4023 4026 4028 4029 4029 4029 4030 4031 4034 4035 4036 4037 4038 4038 4038 4040 4040 4041 4041 4047 4048 4050 4053 4056 4056 4056 4057 4060 4060 4060 4062 4063 4064 4064 4064 4064 4065 4067 4067 4068 4069 4077 4079 4082 4084 4084 4088 4090 4090 4098 4098 4100 4102 4102 4103 4103 4105 4109 4111 4112 4118 4119 4121 4123 4125 4126 4129 4135 4135 4136 4138 4139 4140 4140 4143 4144 4148 4150 4150 4151 4156 4156 4157 4159 4160 4160 4165 4165 4165 4167 4169 4169 4170 4170 4171 4172 4172 4172 4172 4173 4174 4174 4177 4177 4179 4179 4180 4190 4190 4191 4194 4195 4195 4195 4204 4205 4206 4207 4207 4208 4210 4211 4214 4214 4214 4214 4217 4217 4218 4219 4220 4222 4223 4226 4226 4228 4228 4230 4233 4233 4234 4245 4245 4249 4249 4249 4255 4256 4260 4263 4264 4266 4267 4269 4270 4271 4273 4274 4274 4275 4275 4275 4275 4275 4276 4276 4278 4279 4280 4284 4284 4284 4285 4286 4287 4289 4290 4290 4292 4293 4293 4297 4298 4298 4298 4299 4299 4301 4302 4308 4310 4311 4313 4314 4316 4316 4318 4319 4319 4320 4320 4320 4324 4329 4329 4329 4330 4336 4338 4341 4345 4347 4348 4350 4351 4351 4353 4353 4354 4356 4360 4362 4367 4368 4368 4369 4370 4371 4372 4377 4377 4378 4380 4382 4382 4384 4387 4388 4390 4393 4393 4394 4395 4398 4399 4401 4402 4402 4402 4402 4405 4407 4408 4411 4411 4411 4412 4414 4418 4421 4421 4421 4422 4422 4422 4423 4431 4431 4432 4433 4433 4439 4441 4441 4446 4446 4452 4452 4452 4453 4455 4457 4465 4468 4468 4468 4473 4474 4476 4477 4477 4477 4479 4480 4481 4486 4487 4490 4496 4497 4498 4498 4500 4501 4503 4504 4505 4507 4513 4513 4516 4517 4520 4523 4524 4526 4526 4527 4527 4527 4528 4529 4529 4530 4534 4536 4536 4537 4540 4543 4544 4545 4548 4549 4550 4552 4552 4552 4555 4555 4556 4557 4559 4560 4561 4561 4561 4562 4562 4563 4565 4565 4568 4569 4570 4573 4575 4578 4578 4578 4582 4583 4583 4584 4584 4588 4589 4590 4590 4591 4591 4592 4594 4594 4595 4601 4601 4602 4603 4603 4608 4610 4610 4611 4612 4613 4618 4620 4621 4623 4627 4628 4630 4630 4630 4633 4634 4636 4637 4641 4642 4643 4643 4643 4644 4645 4645 4646 4649 4650 4652 4652 4655 4655 4656 4656 4657 4657 4659 4663 4664 4667 4670 4673 4674 4675 4677 4678 4681 4681 4682 4684 4686 4687 4689 4689 4692 4692 4692 4693 4693 4694 4696 4696 4697 4697 4698 4698 4699 4701 4704 4705 4706 4706 4713 4714 4715 4716 4716 4717 4719 4719 4720 4720 4721 4723 4724 4726 4729 4729 4730 4730 4730 4731 4734 4734 4738 4740 4744 4748 4749 4750 4751 4751 4757 4757 4759 4759 4761 4768 4770 4771 4774 4774 4775 4775 4775 4776 4779 4781 4784 4785 4786 4787 4787 4787 4789 4790 4792 4793 4797 4799 4802 4804 4806 4806 4808 4811 4814 4815 4817 4824 4828 4829 4830 4832 4832 4833 4834 4838 4839 4841 4841 4845 4847 4850 4850 4850 4851 4852 4852 4853 4854 4854 4855 4855 4856 4858 4864 4866 4868 4869 4869 4870 4872 4873 4877 4880 4880 4881 4882 4883 4883 4883 4883 4884 4889 4891 4892 4892 4893 4893 4894 4897 4897 4898 4899 4899 4899 4900 4901 4901 4905 4910 4912 4915 4915 4916 4918 4918 4918 4919 4920 4920 4921 4923 4923 4924 4925 4926 4927 4928 4931 4931 4932 4933 4934 4934 4934 4935 4936 4938 4938 4938 4938 4938 4940 4940 4941 4941 4941 4943 4943 4944 4945 4946 4946 4948 4950 4951 4951 4953 4957 4957 4959 4960 4963 4964 4965 4968 4969 4969 4970 4970 4970 4972 4973 4974 4977 4978 4980 4981 4984 4986 4987 4987 4989 4991 4992 4992 4993 4996 4997 4997 4998 4999 4999 5001 5004 5005 5005 5006 5006 5008 5008 5011 5014 5014 5014 5015 5015 5016 5017 5019 5021 5024 5024 5024 5025 5030 5031 5031 5035 5035 5039 5041 5046 5047 5048 5049 5052 5052 5055 5057 5057 5057 5060 5061 5064 5067 5071 5073 5074 5075 5077 5078 5086 5087 5091 5094 5097 5098 5099 5101 5103 5103 5103 5105 5105 5106 5107 5107 5111 5112 5113 5113 5115 5118 5118 5120 5120 5122 5123 5129 5129 5130 5131 5132 5134 5135 5135 5136 5137 5138 5143 5145 5146 5147 5147 5147 5149 5150 5150 5152 5155 5156 5158 5159 5160 5166 5169 5171 5172 5173 5173 5173 5173 5177 5178 5181 5183 5184 5185 5185 5186 5188 5191 5195 5200 5204 5207 5207 5208 5209 5211 5213 5216 5217 5218 5219 5222 5223 5223 5223 5229 5230 5232 5233 5233 5236 5238 5239 5248 5251 5251 5255 5256 5256 5260 5261 5261 5262 5262 5274 5276 5280 5280 5281 5282 5284 5286 5288 5289 5290 5292 5292 5295 5297 5297 5299 5304 5305 5306 5307 5308 5311 5314 5317 5322 5324 5324 5324 5327 5327 5332 5333 5335 5341 5343 5344 5348 5351 5352 5352 5352 5354 5358 5359 5360 5361 5363 5364 5366 5367 5369 5371 5371 5374 5376 5376 5376 5377 5378 5378 5379 5380 5381 5381 5382 5383 5384 5384 5385 5387 5388 5388 5390 5390 5391 5391 5391 5392 5396 5401 5401 5401 5404 5410 5411 5411 5412 5414 5415 5416 5417 5419 5420 5422 5423 5426 5426 5429 5430 5433 5435 5435 5435 5435 5440 5442 5442 5443 5444 5445 5447 5448 5450 5451 5455 5455 5458 5461 5461 5462 5462 5465 5467 5467 5468 5468 5468 5471 5472 5473 5474 5475 5476 5476 5476 5480 5480 5481 5484 5489 5491 5492 5493 5495 5495 5496 5498 5499 5500 5503 5504 5504 5507 5507 5510 5513 5513 5516 5520 5520 5521 5522 5522 5523 5523 5524 5525 5526 5526 5528 5529 5532 5535 5536 5538 5541 5542 5543 5547 5548 5550 5550 5551 5556 5557 5557 5559 5559 5559 5560 5562 5562 5563 5563 5566 5569 5573 5575 5577 5578 5579 5581 5583 5583 5590 5592 5592 5593 5595 5597 5598 5599 5601 5604 5605 5606 5609 5609 5610 5610 5610 5614 5615 5615 5617 5618 5618 5619 5619 5623 5624 5625 5626 5627 5631 5632 5632 5633 5634 5637 5637 5638 5640 5642 5643 5644 5646 5649 5650 5650 5651 5652 5652 5653 5653 5653 5654 5657 5657 5661 5665 5667 5672 5678 5679 5680 5680 5681 5685 5688 5690 5690 5691 5691 5691 5692 5693 5694 5694 5694 5694 5694 5695 5696 5698 5698 5698 5701 5701 5701 5702 5702 5702 5704 5707 5707 5711 5712 5712 5713 5714 5718 5718 5719 5720 5720 5722 5723 5725 5726 5727 5729 5731 5734 5738 5742 5742 5744 5745 5746 5746 5751 5757 5760 5761 5764 5764 5764 5766 5766 5767 5778 5779 5781 5782 5783 5784 5790 5791 5791 5793 5796 5796 5797 5798 5799 5802 5802 5804 5806 5807 5811 5812 5815 5816 5818 5819 5820 5820 5823 5823 5826 5827 5828 5829 5830 5831 5831 5831 5833 5836 5839 5841 5841 5847 5849 5849 5851 5856 5856 5860 5860 5860 5861 5866 5867 5870 5872 5873 5876 5876 5879 5879 5886 5889 5889 5889 5892 5892 5892 5893 5895 5897 5899 5899 5899 5905 5905 5905 5908 5910 5913 5913 5915 5921 5923 5924 5924 5925 5926 5927 5930 5933 5935 5935 5939 5940 5941 5945 5946 5946 5959 5961 5961 5963 5964 5966 5967 5968 5968 5971 5971 5972 5974 5974 5975 5975 5976 5977 5978 5978 5978 5979 5983 5986 5986 5987 5987 5987 5987 5989 5991 5995 5996 5997 5998]
endmilliseconds4000 1646519254315
Total time to sort 4000 elements 60
--------------------------------------------------------------------------------------------
Total time to sort 20 elements 0
Total time to sort 100 elements 0
Total time to sort 1000 elements 21
Total time to sort 4000 elements 60

Process finished with exit code 0
